1.953125000000000000e-03
1.953125000000000000e-03
1.953125000000000000e-03
1.953125000000000000e-03
1.953125000000000000e-03
1.953125000000000000e-03
1.953125000000000000e-03
1.953125000000000000e-03
1.953125000000000000e-03
1.953125000000000000e-03
1.953125000000000000e-03
1.953125000000000000e-03
1.953125000000000000e-03
1.953125000000000000e-03
1.953125000000000000e-03
1.953125000000000000e-03
1.953125000000000000e-03
1.953125000000000000e-03
1.953125000000000000e-03
1.953125000000000000e-03
1.953125000000000000e-03
1.953125000000000000e-03
1.953125000000000000e-03
1.953125000000000000e-03
1.953125000000000000e-03
1.953125000000000000e-03
1.953125000000000000e-03
1.953125000000000000e-03
1.953125000000000000e-03
1.953125000000000000e-03
1.953125000000000000e-03
1.953125000000000000e-03
1.953125000000000000e-03
1.953125000000000000e-03
1.953125000000000000e-03
1.953125000000000000e-03
1.953125000000000000e-03
1.953125000000000000e-03
1.953125000000000000e-03
1.953125000000000000e-03
1.953125000000000000e-03
1.953125000000000000e-03
1.953125000000000000e-03
1.953125000000000000e-03
1.953125000000000000e-03
1.953125000000000000e-03
1.953125000000000000e-03
1.953125000000000000e-03
1.953125000000000000e-03
1.953125000000000000e-03
1.953125000000000000e-03
1.953125000000000000e-03
1.953125000000000000e-03
1.953125000000000000e-03
1.953125000000000000e-03
1.953125000000000000e-03
1.953125000000000000e-03
1.953125000000000000e-03
1.953125000000000000e-03
1.953125000000000000e-03
1.953125000000000000e-03
1.953125000000000000e-03
1.953125000000000000e-03
1.953125000000000000e-03
1.953125000000000000e-03
1.953125000000000000e-03
1.953125000000000000e-03
1.953125000000000000e-03
1.953125000000000000e-03
1.953125000000000000e-03
1.953125000000000000e-03
1.953125000000000000e-03
1.953125000000000000e-03
1.953125000000000000e-03
1.953125000000000000e-03
1.953125000000000000e-03
1.953125000000000000e-03
1.953125000000000000e-03
1.953125000000000000e-03
1.953125000000000000e-03
1.953125000000000000e-03
1.953125000000000000e-03
1.953125000000000000e-03
1.953125000000000000e-03
1.953125000000000000e-03
1.953125000000000000e-03
1.953125000000000000e-03
1.953125000000000000e-03
1.953125000000000000e-03
1.953125000000000000e-03
1.953125000000000000e-03
1.953125000000000000e-03
1.953125000000000000e-03
1.953125000000000000e-03
1.953125000000000000e-03
1.953125000000000000e-03
1.953125000000000000e-03
1.953125000000000000e-03
1.953125000000000000e-03
1.953125000000000000e-03
1.953125000000000000e-03
1.953125000000000000e-03
1.953125000000000000e-03
1.953125000000000000e-03
1.953125000000000000e-03
1.953125000000000000e-03
1.953125000000000000e-03
1.953125000000000000e-03
1.953125000000000000e-03
1.953125000000000000e-03
1.953125000000000000e-03
1.953125000000000000e-03
1.953125000000000000e-03
1.953125000000000000e-03
1.953125000000000000e-03
1.953125000000000000e-03
1.953125000000000000e-03
1.953125000000000000e-03
1.953125000000000000e-03
1.953125000000000000e-03
1.953125000000000000e-03
1.953125000000000000e-03
1.953125000000000000e-03
1.953125000000000000e-03
1.953125000000000000e-03
1.953125000000000000e-03
1.953125000000000000e-03
3.183593750000000000e-01
7.285156250000000000e-01
2.539062500000000000e-02
1.953125000000000000e-03
1.953125000000000000e-03
1.953125000000000000e-03
1.953125000000000000e-03
1.953125000000000000e-03
1.953125000000000000e-03
1.953125000000000000e-03
1.953125000000000000e-03
1.953125000000000000e-03
1.953125000000000000e-03
1.953125000000000000e-03
1.953125000000000000e-03
1.953125000000000000e-03
1.953125000000000000e-03
1.953125000000000000e-03
1.953125000000000000e-03
1.953125000000000000e-03
1.953125000000000000e-03
1.953125000000000000e-03
1.953125000000000000e-03
1.953125000000000000e-03
1.953125000000000000e-03
1.953125000000000000e-03
1.953125000000000000e-03
1.953125000000000000e-03
7.246093750000000000e-01
9.941406250000000000e-01
1.738281250000000000e-01
1.953125000000000000e-03
1.953125000000000000e-03
1.953125000000000000e-03
1.953125000000000000e-03
1.953125000000000000e-03
1.953125000000000000e-03
1.953125000000000000e-03
1.953125000000000000e-03
1.953125000000000000e-03
1.953125000000000000e-03
1.953125000000000000e-03
1.953125000000000000e-03
1.953125000000000000e-03
1.953125000000000000e-03
1.953125000000000000e-03
1.953125000000000000e-03
1.953125000000000000e-03
1.953125000000000000e-03
1.953125000000000000e-03
1.953125000000000000e-03
1.953125000000000000e-03
1.953125000000000000e-03
1.953125000000000000e-03
1.953125000000000000e-03
1.953125000000000000e-03
8.535156250000000000e-01
9.941406250000000000e-01
1.738281250000000000e-01
1.953125000000000000e-03
1.953125000000000000e-03
1.953125000000000000e-03
1.953125000000000000e-03
1.953125000000000000e-03
1.953125000000000000e-03
1.953125000000000000e-03
1.953125000000000000e-03
1.953125000000000000e-03
1.953125000000000000e-03
1.953125000000000000e-03
1.953125000000000000e-03
1.953125000000000000e-03
1.953125000000000000e-03
1.953125000000000000e-03
1.953125000000000000e-03
1.953125000000000000e-03
1.953125000000000000e-03
1.953125000000000000e-03
1.953125000000000000e-03
1.953125000000000000e-03
1.953125000000000000e-03
1.953125000000000000e-03
1.953125000000000000e-03
8.007812500000000000e-02
9.277343750000000000e-01
9.355468750000000000e-01
8.398437500000000000e-02
1.953125000000000000e-03
1.953125000000000000e-03
1.953125000000000000e-03
1.953125000000000000e-03
1.953125000000000000e-03
1.953125000000000000e-03
1.953125000000000000e-03
1.953125000000000000e-03
1.953125000000000000e-03
1.953125000000000000e-03
1.953125000000000000e-03
1.953125000000000000e-03
1.953125000000000000e-03
1.953125000000000000e-03
1.953125000000000000e-03
1.953125000000000000e-03
1.953125000000000000e-03
1.953125000000000000e-03
1.953125000000000000e-03
1.953125000000000000e-03
1.953125000000000000e-03
1.953125000000000000e-03
1.953125000000000000e-03
1.953125000000000000e-03
1.503906250000000000e-01
9.941406250000000000e-01
8.808593750000000000e-01
1.953125000000000000e-03
1.953125000000000000e-03
1.953125000000000000e-03
1.953125000000000000e-03
1.953125000000000000e-03
1.953125000000000000e-03
1.953125000000000000e-03
1.953125000000000000e-03
1.953125000000000000e-03
1.953125000000000000e-03
1.953125000000000000e-03
1.953125000000000000e-03
1.953125000000000000e-03
1.953125000000000000e-03
1.953125000000000000e-03
1.953125000000000000e-03
1.953125000000000000e-03
1.953125000000000000e-03
1.953125000000000000e-03
1.953125000000000000e-03
1.953125000000000000e-03
1.953125000000000000e-03
1.953125000000000000e-03
1.953125000000000000e-03
1.953125000000000000e-03
1.503906250000000000e-01
9.941406250000000000e-01
6.542968750000000000e-01
1.953125000000000000e-03
1.953125000000000000e-03
1.953125000000000000e-03
1.953125000000000000e-03
1.953125000000000000e-03
1.953125000000000000e-03
1.953125000000000000e-03
1.953125000000000000e-03
1.953125000000000000e-03
1.953125000000000000e-03
1.953125000000000000e-03
1.953125000000000000e-03
1.953125000000000000e-03
1.953125000000000000e-03
1.953125000000000000e-03
1.953125000000000000e-03
1.953125000000000000e-03
1.953125000000000000e-03
1.953125000000000000e-03
1.953125000000000000e-03
1.953125000000000000e-03
1.953125000000000000e-03
1.953125000000000000e-03
1.953125000000000000e-03
1.953125000000000000e-03
3.300781250000000000e-01
9.941406250000000000e-01
5.917968750000000000e-01
1.953125000000000000e-03
1.953125000000000000e-03
1.953125000000000000e-03
1.953125000000000000e-03
1.953125000000000000e-03
1.953125000000000000e-03
1.953125000000000000e-03
1.953125000000000000e-03
1.953125000000000000e-03
1.953125000000000000e-03
1.953125000000000000e-03
1.953125000000000000e-03
1.953125000000000000e-03
1.953125000000000000e-03
1.953125000000000000e-03
1.953125000000000000e-03
1.953125000000000000e-03
1.953125000000000000e-03
1.953125000000000000e-03
1.953125000000000000e-03
1.953125000000000000e-03
1.953125000000000000e-03
1.953125000000000000e-03
1.953125000000000000e-03
1.953125000000000000e-03
4.394531250000000000e-01
9.941406250000000000e-01
5.917968750000000000e-01
1.953125000000000000e-03
1.953125000000000000e-03
1.953125000000000000e-03
1.953125000000000000e-03
1.953125000000000000e-03
1.953125000000000000e-03
1.953125000000000000e-03
1.953125000000000000e-03
1.953125000000000000e-03
1.953125000000000000e-03
1.953125000000000000e-03
1.953125000000000000e-03
1.953125000000000000e-03
1.953125000000000000e-03
1.953125000000000000e-03
1.953125000000000000e-03
1.953125000000000000e-03
1.953125000000000000e-03
1.953125000000000000e-03
1.953125000000000000e-03
1.953125000000000000e-03
1.953125000000000000e-03
1.953125000000000000e-03
1.953125000000000000e-03
1.953125000000000000e-03
6.074218750000000000e-01
9.941406250000000000e-01
4.238281250000000000e-01
1.953125000000000000e-03
1.953125000000000000e-03
1.953125000000000000e-03
1.953125000000000000e-03
1.953125000000000000e-03
1.953125000000000000e-03
1.953125000000000000e-03
1.953125000000000000e-03
1.953125000000000000e-03
1.953125000000000000e-03
1.953125000000000000e-03
1.953125000000000000e-03
1.953125000000000000e-03
1.953125000000000000e-03
1.953125000000000000e-03
1.953125000000000000e-03
1.953125000000000000e-03
1.953125000000000000e-03
1.953125000000000000e-03
1.953125000000000000e-03
1.953125000000000000e-03
1.953125000000000000e-03
1.953125000000000000e-03
1.953125000000000000e-03
5.859375000000000000e-03
7.636718750000000000e-01
9.941406250000000000e-01
3.066406250000000000e-01
1.953125000000000000e-03
1.953125000000000000e-03
1.953125000000000000e-03
1.953125000000000000e-03
1.953125000000000000e-03
1.953125000000000000e-03
1.953125000000000000e-03
1.953125000000000000e-03
1.953125000000000000e-03
1.953125000000000000e-03
1.953125000000000000e-03
1.953125000000000000e-03
1.953125000000000000e-03
1.953125000000000000e-03
1.953125000000000000e-03
1.953125000000000000e-03
1.953125000000000000e-03
1.953125000000000000e-03
1.953125000000000000e-03
1.953125000000000000e-03
1.953125000000000000e-03
1.953125000000000000e-03
1.953125000000000000e-03
1.953125000000000000e-03
1.757812500000000000e-02
9.941406250000000000e-01
9.941406250000000000e-01
1.425781250000000000e-01
1.953125000000000000e-03
1.953125000000000000e-03
1.953125000000000000e-03
1.953125000000000000e-03
1.953125000000000000e-03
1.953125000000000000e-03
1.953125000000000000e-03
1.953125000000000000e-03
1.953125000000000000e-03
1.953125000000000000e-03
1.953125000000000000e-03
1.953125000000000000e-03
1.953125000000000000e-03
1.953125000000000000e-03
1.953125000000000000e-03
1.953125000000000000e-03
1.953125000000000000e-03
1.953125000000000000e-03
1.953125000000000000e-03
1.953125000000000000e-03
1.953125000000000000e-03
1.953125000000000000e-03
1.953125000000000000e-03
1.953125000000000000e-03
1.757812500000000000e-02
9.941406250000000000e-01
8.847656250000000000e-01
9.765625000000000000e-03
1.953125000000000000e-03
1.953125000000000000e-03
1.953125000000000000e-03
1.953125000000000000e-03
1.953125000000000000e-03
1.953125000000000000e-03
1.953125000000000000e-03
1.953125000000000000e-03
1.953125000000000000e-03
1.953125000000000000e-03
1.953125000000000000e-03
1.953125000000000000e-03
1.953125000000000000e-03
1.953125000000000000e-03
1.953125000000000000e-03
1.953125000000000000e-03
1.953125000000000000e-03
1.953125000000000000e-03
1.953125000000000000e-03
1.953125000000000000e-03
1.953125000000000000e-03
1.953125000000000000e-03
1.953125000000000000e-03
1.953125000000000000e-03
2.597656250000000000e-01
9.941406250000000000e-01
7.207031250000000000e-01
1.953125000000000000e-03
1.953125000000000000e-03
1.953125000000000000e-03
1.953125000000000000e-03
1.953125000000000000e-03
1.953125000000000000e-03
1.953125000000000000e-03
1.953125000000000000e-03
1.953125000000000000e-03
1.953125000000000000e-03
1.953125000000000000e-03
1.953125000000000000e-03
1.953125000000000000e-03
1.953125000000000000e-03
1.953125000000000000e-03
1.953125000000000000e-03
1.953125000000000000e-03
1.953125000000000000e-03
1.953125000000000000e-03
1.953125000000000000e-03
1.953125000000000000e-03
1.953125000000000000e-03
1.953125000000000000e-03
1.953125000000000000e-03
1.953125000000000000e-03
5.214843750000000000e-01
9.941406250000000000e-01
6.972656250000000000e-01
1.953125000000000000e-03
1.953125000000000000e-03
1.953125000000000000e-03
1.953125000000000000e-03
1.953125000000000000e-03
1.953125000000000000e-03
1.953125000000000000e-03
1.953125000000000000e-03
1.953125000000000000e-03
1.953125000000000000e-03
1.953125000000000000e-03
1.953125000000000000e-03
1.953125000000000000e-03
1.953125000000000000e-03
1.953125000000000000e-03
1.953125000000000000e-03
1.953125000000000000e-03
1.953125000000000000e-03
1.953125000000000000e-03
1.953125000000000000e-03
1.953125000000000000e-03
1.953125000000000000e-03
1.953125000000000000e-03
1.953125000000000000e-03
1.953125000000000000e-03
8.847656250000000000e-01
9.941406250000000000e-01
4.355468750000000000e-01
1.953125000000000000e-03
1.953125000000000000e-03
1.953125000000000000e-03
1.953125000000000000e-03
1.953125000000000000e-03
1.953125000000000000e-03
1.953125000000000000e-03
1.953125000000000000e-03
1.953125000000000000e-03
1.953125000000000000e-03
1.953125000000000000e-03
1.953125000000000000e-03
1.953125000000000000e-03
1.953125000000000000e-03
1.953125000000000000e-03
1.953125000000000000e-03
1.953125000000000000e-03
1.953125000000000000e-03
1.953125000000000000e-03
1.953125000000000000e-03
1.953125000000000000e-03
1.953125000000000000e-03
1.953125000000000000e-03
1.953125000000000000e-03
1.953125000000000000e-03
8.847656250000000000e-01
9.863281250000000000e-01
1.582031250000000000e-01
1.953125000000000000e-03
1.953125000000000000e-03
1.953125000000000000e-03
1.953125000000000000e-03
1.953125000000000000e-03
1.953125000000000000e-03
1.953125000000000000e-03
1.953125000000000000e-03
1.953125000000000000e-03
1.953125000000000000e-03
1.953125000000000000e-03
1.953125000000000000e-03
1.953125000000000000e-03
1.953125000000000000e-03
1.953125000000000000e-03
1.953125000000000000e-03
1.953125000000000000e-03
1.953125000000000000e-03
1.953125000000000000e-03
1.953125000000000000e-03
1.953125000000000000e-03
1.953125000000000000e-03
1.953125000000000000e-03
1.953125000000000000e-03
1.386718750000000000e-01
9.707031250000000000e-01
9.199218750000000000e-01
7.226562500000000000e-02
1.953125000000000000e-03
1.953125000000000000e-03
1.953125000000000000e-03
1.953125000000000000e-03
1.953125000000000000e-03
1.953125000000000000e-03
1.953125000000000000e-03
1.953125000000000000e-03
1.953125000000000000e-03
1.953125000000000000e-03
1.953125000000000000e-03
1.953125000000000000e-03
1.953125000000000000e-03
1.953125000000000000e-03
1.953125000000000000e-03
1.953125000000000000e-03
1.953125000000000000e-03
1.953125000000000000e-03
1.953125000000000000e-03
1.953125000000000000e-03
1.953125000000000000e-03
1.953125000000000000e-03
1.953125000000000000e-03
1.953125000000000000e-03
4.394531250000000000e-01
9.941406250000000000e-01
9.941406250000000000e-01
1.464843750000000000e-01
1.953125000000000000e-03
1.953125000000000000e-03
1.953125000000000000e-03
1.953125000000000000e-03
1.953125000000000000e-03
1.953125000000000000e-03
1.953125000000000000e-03
1.953125000000000000e-03
1.953125000000000000e-03
1.953125000000000000e-03
1.953125000000000000e-03
1.953125000000000000e-03
1.953125000000000000e-03
1.953125000000000000e-03
1.953125000000000000e-03
1.953125000000000000e-03
1.953125000000000000e-03
1.953125000000000000e-03
1.953125000000000000e-03
1.953125000000000000e-03
1.953125000000000000e-03
1.953125000000000000e-03
1.953125000000000000e-03
1.953125000000000000e-03
4.667968750000000000e-01
9.941406250000000000e-01
9.941406250000000000e-01
1.464843750000000000e-01
1.953125000000000000e-03
1.953125000000000000e-03
1.953125000000000000e-03
1.953125000000000000e-03
1.953125000000000000e-03
1.953125000000000000e-03
1.953125000000000000e-03
1.953125000000000000e-03
1.953125000000000000e-03
1.953125000000000000e-03
1.953125000000000000e-03
1.953125000000000000e-03
1.953125000000000000e-03
1.953125000000000000e-03
1.953125000000000000e-03
1.953125000000000000e-03
1.953125000000000000e-03
1.953125000000000000e-03
1.953125000000000000e-03
1.953125000000000000e-03
1.953125000000000000e-03
1.953125000000000000e-03
1.953125000000000000e-03
1.953125000000000000e-03
3.847656250000000000e-01
9.941406250000000000e-01
8.691406250000000000e-01
2.148437500000000000e-02
1.953125000000000000e-03
1.953125000000000000e-03
1.953125000000000000e-03
1.953125000000000000e-03
1.953125000000000000e-03
1.953125000000000000e-03
1.953125000000000000e-03
1.953125000000000000e-03
1.953125000000000000e-03
1.953125000000000000e-03
1.953125000000000000e-03
1.953125000000000000e-03
1.953125000000000000e-03
1.953125000000000000e-03
1.953125000000000000e-03
1.953125000000000000e-03
1.953125000000000000e-03
1.953125000000000000e-03
1.953125000000000000e-03
1.953125000000000000e-03
1.953125000000000000e-03
1.953125000000000000e-03
1.953125000000000000e-03
1.953125000000000000e-03
1.953125000000000000e-03
1.953125000000000000e-03
1.953125000000000000e-03
1.953125000000000000e-03
1.953125000000000000e-03
1.953125000000000000e-03
1.953125000000000000e-03
1.953125000000000000e-03
1.953125000000000000e-03
1.953125000000000000e-03
1.953125000000000000e-03
1.953125000000000000e-03
1.953125000000000000e-03
1.953125000000000000e-03
1.953125000000000000e-03
1.953125000000000000e-03
1.953125000000000000e-03
1.953125000000000000e-03
1.953125000000000000e-03
1.953125000000000000e-03
1.953125000000000000e-03
1.953125000000000000e-03
1.953125000000000000e-03
1.953125000000000000e-03
1.953125000000000000e-03
1.953125000000000000e-03
1.953125000000000000e-03
1.953125000000000000e-03
1.953125000000000000e-03
1.953125000000000000e-03
1.953125000000000000e-03
1.953125000000000000e-03
1.953125000000000000e-03
1.953125000000000000e-03
1.953125000000000000e-03
1.953125000000000000e-03
1.953125000000000000e-03
1.953125000000000000e-03
1.953125000000000000e-03
1.953125000000000000e-03
1.953125000000000000e-03
1.953125000000000000e-03
1.953125000000000000e-03
1.953125000000000000e-03
1.953125000000000000e-03
1.953125000000000000e-03
1.953125000000000000e-03
1.953125000000000000e-03
1.953125000000000000e-03
1.953125000000000000e-03
1.953125000000000000e-03
1.953125000000000000e-03
1.953125000000000000e-03
1.953125000000000000e-03
1.953125000000000000e-03
1.953125000000000000e-03
1.953125000000000000e-03
1.953125000000000000e-03
1.953125000000000000e-03
1.953125000000000000e-03
1.953125000000000000e-03
1.953125000000000000e-03
1.953125000000000000e-03
1.953125000000000000e-03
1.953125000000000000e-03
1.953125000000000000e-03
1.953125000000000000e-03
1.953125000000000000e-03
1.953125000000000000e-03
1.953125000000000000e-03
1.953125000000000000e-03
1.953125000000000000e-03
1.953125000000000000e-03
1.953125000000000000e-03
1.953125000000000000e-03
1.953125000000000000e-03
1.953125000000000000e-03
1.953125000000000000e-03
1.953125000000000000e-03
1.953125000000000000e-03
1.953125000000000000e-03
1.953125000000000000e-03
1.953125000000000000e-03
1.953125000000000000e-03
1.953125000000000000e-03
1.953125000000000000e-03
1.953125000000000000e-03
1.953125000000000000e-03
1.953125000000000000e-03
1.953125000000000000e-03
1.953125000000000000e-03
1.953125000000000000e-03
1.953125000000000000e-03
1.953125000000000000e-03
1.953125000000000000e-03
1.953125000000000000e-03
1.953125000000000000e-03
1.953125000000000000e-03
1.953125000000000000e-03
1.953125000000000000e-03
