1.953125000000000000e-03
1.953125000000000000e-03
1.953125000000000000e-03
1.953125000000000000e-03
1.953125000000000000e-03
1.953125000000000000e-03
1.953125000000000000e-03
1.953125000000000000e-03
1.953125000000000000e-03
1.953125000000000000e-03
1.953125000000000000e-03
1.953125000000000000e-03
1.953125000000000000e-03
1.953125000000000000e-03
1.953125000000000000e-03
1.953125000000000000e-03
1.953125000000000000e-03
1.953125000000000000e-03
1.953125000000000000e-03
1.953125000000000000e-03
1.953125000000000000e-03
1.953125000000000000e-03
1.953125000000000000e-03
1.953125000000000000e-03
1.953125000000000000e-03
1.953125000000000000e-03
1.953125000000000000e-03
1.953125000000000000e-03
1.953125000000000000e-03
1.953125000000000000e-03
1.953125000000000000e-03
1.953125000000000000e-03
1.953125000000000000e-03
1.953125000000000000e-03
1.953125000000000000e-03
1.953125000000000000e-03
1.953125000000000000e-03
1.953125000000000000e-03
1.953125000000000000e-03
1.953125000000000000e-03
1.953125000000000000e-03
1.953125000000000000e-03
1.953125000000000000e-03
1.953125000000000000e-03
1.953125000000000000e-03
1.953125000000000000e-03
1.953125000000000000e-03
1.953125000000000000e-03
1.953125000000000000e-03
1.953125000000000000e-03
1.953125000000000000e-03
1.953125000000000000e-03
1.953125000000000000e-03
1.953125000000000000e-03
1.953125000000000000e-03
1.953125000000000000e-03
1.953125000000000000e-03
1.953125000000000000e-03
1.953125000000000000e-03
1.953125000000000000e-03
1.953125000000000000e-03
1.953125000000000000e-03
1.953125000000000000e-03
1.953125000000000000e-03
1.953125000000000000e-03
1.953125000000000000e-03
1.953125000000000000e-03
1.953125000000000000e-03
1.953125000000000000e-03
1.953125000000000000e-03
1.953125000000000000e-03
1.953125000000000000e-03
1.953125000000000000e-03
1.953125000000000000e-03
1.953125000000000000e-03
1.953125000000000000e-03
1.953125000000000000e-03
1.953125000000000000e-03
1.953125000000000000e-03
1.953125000000000000e-03
1.953125000000000000e-03
1.953125000000000000e-03
1.953125000000000000e-03
1.953125000000000000e-03
1.953125000000000000e-03
1.953125000000000000e-03
1.953125000000000000e-03
1.953125000000000000e-03
1.953125000000000000e-03
1.953125000000000000e-03
1.953125000000000000e-03
1.953125000000000000e-03
1.953125000000000000e-03
1.953125000000000000e-03
1.953125000000000000e-03
1.953125000000000000e-03
1.953125000000000000e-03
1.953125000000000000e-03
1.953125000000000000e-03
1.953125000000000000e-03
1.953125000000000000e-03
1.953125000000000000e-03
1.953125000000000000e-03
1.953125000000000000e-03
1.953125000000000000e-03
1.953125000000000000e-03
1.953125000000000000e-03
1.953125000000000000e-03
1.953125000000000000e-03
1.953125000000000000e-03
1.953125000000000000e-03
1.953125000000000000e-03
1.953125000000000000e-03
1.953125000000000000e-03
1.953125000000000000e-03
1.953125000000000000e-03
1.953125000000000000e-03
1.953125000000000000e-03
1.953125000000000000e-03
1.953125000000000000e-03
1.953125000000000000e-03
1.953125000000000000e-03
1.953125000000000000e-03
1.953125000000000000e-03
1.953125000000000000e-03
1.953125000000000000e-03
1.953125000000000000e-03
1.953125000000000000e-03
1.953125000000000000e-03
1.953125000000000000e-03
1.953125000000000000e-03
1.953125000000000000e-03
1.953125000000000000e-03
1.953125000000000000e-03
1.953125000000000000e-03
1.953125000000000000e-03
1.953125000000000000e-03
1.953125000000000000e-03
1.953125000000000000e-03
1.953125000000000000e-03
1.953125000000000000e-03
1.953125000000000000e-03
1.953125000000000000e-03
1.953125000000000000e-03
1.953125000000000000e-03
1.953125000000000000e-03
1.953125000000000000e-03
1.953125000000000000e-03
1.953125000000000000e-03
1.953125000000000000e-03
1.953125000000000000e-03
1.953125000000000000e-03
1.953125000000000000e-03
1.953125000000000000e-03
1.953125000000000000e-03
1.953125000000000000e-03
1.953125000000000000e-03
1.953125000000000000e-03
1.953125000000000000e-03
1.953125000000000000e-03
1.953125000000000000e-03
1.953125000000000000e-03
1.953125000000000000e-03
1.953125000000000000e-03
1.953125000000000000e-03
1.953125000000000000e-03
1.953125000000000000e-03
1.953125000000000000e-03
1.953125000000000000e-03
1.953125000000000000e-03
1.953125000000000000e-03
1.953125000000000000e-03
1.953125000000000000e-03
1.953125000000000000e-03
1.953125000000000000e-03
1.953125000000000000e-03
1.953125000000000000e-03
1.953125000000000000e-03
1.953125000000000000e-03
1.953125000000000000e-03
1.953125000000000000e-03
1.953125000000000000e-03
1.953125000000000000e-03
1.953125000000000000e-03
1.953125000000000000e-03
1.953125000000000000e-03
1.953125000000000000e-03
1.953125000000000000e-03
1.953125000000000000e-03
1.953125000000000000e-03
1.953125000000000000e-03
1.953125000000000000e-03
1.953125000000000000e-03
1.953125000000000000e-03
1.953125000000000000e-03
1.953125000000000000e-03
1.953125000000000000e-03
1.953125000000000000e-03
1.953125000000000000e-03
1.953125000000000000e-03
1.953125000000000000e-03
1.953125000000000000e-03
1.953125000000000000e-03
1.953125000000000000e-03
1.953125000000000000e-03
1.953125000000000000e-03
1.953125000000000000e-03
1.953125000000000000e-03
1.953125000000000000e-03
1.953125000000000000e-03
1.953125000000000000e-03
1.953125000000000000e-03
1.953125000000000000e-03
1.953125000000000000e-03
1.953125000000000000e-03
1.953125000000000000e-03
4.882812500000000000e-02
1.269531250000000000e-01
4.394531250000000000e-01
7.441406250000000000e-01
3.574218750000000000e-01
1.953125000000000000e-03
1.953125000000000000e-03
1.953125000000000000e-03
1.953125000000000000e-03
1.953125000000000000e-03
1.953125000000000000e-03
1.953125000000000000e-03
1.953125000000000000e-03
1.953125000000000000e-03
1.953125000000000000e-03
1.953125000000000000e-03
1.953125000000000000e-03
1.953125000000000000e-03
1.953125000000000000e-03
1.953125000000000000e-03
1.953125000000000000e-03
1.953125000000000000e-03
1.953125000000000000e-03
1.953125000000000000e-03
1.953125000000000000e-03
1.953125000000000000e-03
1.269531250000000000e-01
4.980468750000000000e-01
6.816406250000000000e-01
9.824218750000000000e-01
9.824218750000000000e-01
9.824218750000000000e-01
9.824218750000000000e-01
1.953125000000000000e-03
1.953125000000000000e-03
1.953125000000000000e-03
1.953125000000000000e-03
1.953125000000000000e-03
1.953125000000000000e-03
1.953125000000000000e-03
1.953125000000000000e-03
1.953125000000000000e-03
1.953125000000000000e-03
1.953125000000000000e-03
1.953125000000000000e-03
1.953125000000000000e-03
1.953125000000000000e-03
1.953125000000000000e-03
1.953125000000000000e-03
1.953125000000000000e-03
1.953125000000000000e-03
1.953125000000000000e-03
3.320312500000000000e-02
2.519531250000000000e-01
8.222656250000000000e-01
9.824218750000000000e-01
9.902343750000000000e-01
9.824218750000000000e-01
9.824218750000000000e-01
9.199218750000000000e-01
7.363281250000000000e-01
1.953125000000000000e-03
1.953125000000000000e-03
1.953125000000000000e-03
1.953125000000000000e-03
1.953125000000000000e-03
1.953125000000000000e-03
1.953125000000000000e-03
1.953125000000000000e-03
1.953125000000000000e-03
1.953125000000000000e-03
1.953125000000000000e-03
1.953125000000000000e-03
1.953125000000000000e-03
1.953125000000000000e-03
1.953125000000000000e-03
1.953125000000000000e-03
1.953125000000000000e-03
1.953125000000000000e-03
1.953125000000000000e-03
5.136718750000000000e-01
9.824218750000000000e-01
9.824218750000000000e-01
9.824218750000000000e-01
9.902343750000000000e-01
9.042968750000000000e-01
3.691406250000000000e-01
2.753906250000000000e-01
1.953125000000000000e-03
1.953125000000000000e-03
1.953125000000000000e-03
1.953125000000000000e-03
1.953125000000000000e-03
1.953125000000000000e-03
1.953125000000000000e-03
1.953125000000000000e-03
1.953125000000000000e-03
1.953125000000000000e-03
1.953125000000000000e-03
1.953125000000000000e-03
1.953125000000000000e-03
1.953125000000000000e-03
1.953125000000000000e-03
1.953125000000000000e-03
1.953125000000000000e-03
1.953125000000000000e-03
2.363281250000000000e-01
9.980468750000000000e-01
9.902343750000000000e-01
9.902343750000000000e-01
9.902343750000000000e-01
9.902343750000000000e-01
3.925781250000000000e-01
1.953125000000000000e-03
1.953125000000000000e-03
1.953125000000000000e-03
1.953125000000000000e-03
1.953125000000000000e-03
1.953125000000000000e-03
1.953125000000000000e-03
1.953125000000000000e-03
1.953125000000000000e-03
1.953125000000000000e-03
1.953125000000000000e-03
1.953125000000000000e-03
1.953125000000000000e-03
1.953125000000000000e-03
1.953125000000000000e-03
1.953125000000000000e-03
1.953125000000000000e-03
1.953125000000000000e-03
1.953125000000000000e-03
1.953125000000000000e-03
1.113281250000000000e-01
6.660156250000000000e-01
9.902343750000000000e-01
9.824218750000000000e-01
9.824218750000000000e-01
7.988281250000000000e-01
2.441406250000000000e-01
1.953125000000000000e-03
1.953125000000000000e-03
1.953125000000000000e-03
1.953125000000000000e-03
1.953125000000000000e-03
1.953125000000000000e-03
1.953125000000000000e-03
1.953125000000000000e-03
1.953125000000000000e-03
1.953125000000000000e-03
1.953125000000000000e-03
1.953125000000000000e-03
1.953125000000000000e-03
1.953125000000000000e-03
1.953125000000000000e-03
1.953125000000000000e-03
1.953125000000000000e-03
1.953125000000000000e-03
1.953125000000000000e-03
1.953125000000000000e-03
1.953125000000000000e-03
8.652343750000000000e-01
9.824218750000000000e-01
9.902343750000000000e-01
9.824218750000000000e-01
7.363281250000000000e-01
3.691406250000000000e-01
1.953125000000000000e-03
1.953125000000000000e-03
1.953125000000000000e-03
1.953125000000000000e-03
1.953125000000000000e-03
1.953125000000000000e-03
1.953125000000000000e-03
1.953125000000000000e-03
1.953125000000000000e-03
1.953125000000000000e-03
1.953125000000000000e-03
1.953125000000000000e-03
1.953125000000000000e-03
1.953125000000000000e-03
1.953125000000000000e-03
1.953125000000000000e-03
1.953125000000000000e-03
1.953125000000000000e-03
1.953125000000000000e-03
1.953125000000000000e-03
2.675781250000000000e-01
8.652343750000000000e-01
9.707031250000000000e-01
9.824218750000000000e-01
8.964843750000000000e-01
6.582031250000000000e-01
6.054687500000000000e-02
1.953125000000000000e-03
1.953125000000000000e-03
1.953125000000000000e-03
1.953125000000000000e-03
1.953125000000000000e-03
1.953125000000000000e-03
1.953125000000000000e-03
1.953125000000000000e-03
1.953125000000000000e-03
1.953125000000000000e-03
1.953125000000000000e-03
1.953125000000000000e-03
1.953125000000000000e-03
1.953125000000000000e-03
1.953125000000000000e-03
1.953125000000000000e-03
1.953125000000000000e-03
1.953125000000000000e-03
1.953125000000000000e-03
1.953125000000000000e-03
2.363281250000000000e-01
8.925781250000000000e-01
9.824218750000000000e-01
9.824218750000000000e-01
9.824218750000000000e-01
2.324218750000000000e-01
1.953125000000000000e-03
1.953125000000000000e-03
1.953125000000000000e-03
1.953125000000000000e-03
1.953125000000000000e-03
1.953125000000000000e-03
1.953125000000000000e-03
1.953125000000000000e-03
1.953125000000000000e-03
1.953125000000000000e-03
1.953125000000000000e-03
1.953125000000000000e-03
1.953125000000000000e-03
1.953125000000000000e-03
1.953125000000000000e-03
1.953125000000000000e-03
1.953125000000000000e-03
1.953125000000000000e-03
1.953125000000000000e-03
1.953125000000000000e-03
1.953125000000000000e-03
2.363281250000000000e-01
9.980468750000000000e-01
9.902343750000000000e-01
9.902343750000000000e-01
8.964843750000000000e-01
2.324218750000000000e-01
1.953125000000000000e-03
1.953125000000000000e-03
1.953125000000000000e-03
1.953125000000000000e-03
1.953125000000000000e-03
1.953125000000000000e-03
1.953125000000000000e-03
1.953125000000000000e-03
1.953125000000000000e-03
1.953125000000000000e-03
1.953125000000000000e-03
1.953125000000000000e-03
1.953125000000000000e-03
1.953125000000000000e-03
1.953125000000000000e-03
1.953125000000000000e-03
1.953125000000000000e-03
1.953125000000000000e-03
1.953125000000000000e-03
1.953125000000000000e-03
1.953125000000000000e-03
1.894531250000000000e-01
8.925781250000000000e-01
9.902343750000000000e-01
9.824218750000000000e-01
9.199218750000000000e-01
2.597656250000000000e-01
1.953125000000000000e-03
1.953125000000000000e-03
1.953125000000000000e-03
1.953125000000000000e-03
1.953125000000000000e-03
1.953125000000000000e-03
1.953125000000000000e-03
1.953125000000000000e-03
1.953125000000000000e-03
1.953125000000000000e-03
1.953125000000000000e-03
1.953125000000000000e-03
1.953125000000000000e-03
1.953125000000000000e-03
1.953125000000000000e-03
1.953125000000000000e-03
1.953125000000000000e-03
1.953125000000000000e-03
1.953125000000000000e-03
1.953125000000000000e-03
1.953125000000000000e-03
2.519531250000000000e-01
6.191406250000000000e-01
9.824218750000000000e-01
9.902343750000000000e-01
6.113281250000000000e-01
2.480468750000000000e-01
1.953125000000000000e-03
1.953125000000000000e-03
1.953125000000000000e-03
1.953125000000000000e-03
1.953125000000000000e-03
1.953125000000000000e-03
1.953125000000000000e-03
1.953125000000000000e-03
1.953125000000000000e-03
1.953125000000000000e-03
1.953125000000000000e-03
1.953125000000000000e-03
1.953125000000000000e-03
1.953125000000000000e-03
1.953125000000000000e-03
1.953125000000000000e-03
1.953125000000000000e-03
1.953125000000000000e-03
1.953125000000000000e-03
1.953125000000000000e-03
1.953125000000000000e-03
3.320312500000000000e-02
6.191406250000000000e-01
9.824218750000000000e-01
9.824218750000000000e-01
8.964843750000000000e-01
1.855468750000000000e-01
1.953125000000000000e-03
1.953125000000000000e-03
1.953125000000000000e-03
1.953125000000000000e-03
1.953125000000000000e-03
1.953125000000000000e-03
1.953125000000000000e-03
1.953125000000000000e-03
1.953125000000000000e-03
1.953125000000000000e-03
1.953125000000000000e-03
1.953125000000000000e-03
1.953125000000000000e-03
1.953125000000000000e-03
1.953125000000000000e-03
1.953125000000000000e-03
1.953125000000000000e-03
1.953125000000000000e-03
1.953125000000000000e-03
1.953125000000000000e-03
1.953125000000000000e-03
1.953125000000000000e-03
5.136718750000000000e-01
9.824218750000000000e-01
9.824218750000000000e-01
9.824218750000000000e-01
2.324218750000000000e-01
1.953125000000000000e-03
1.953125000000000000e-03
1.953125000000000000e-03
1.953125000000000000e-03
1.953125000000000000e-03
1.953125000000000000e-03
1.953125000000000000e-03
1.953125000000000000e-03
1.953125000000000000e-03
1.953125000000000000e-03
1.953125000000000000e-03
1.953125000000000000e-03
1.953125000000000000e-03
1.953125000000000000e-03
1.953125000000000000e-03
1.953125000000000000e-03
1.953125000000000000e-03
1.953125000000000000e-03
1.953125000000000000e-03
1.953125000000000000e-03
1.953125000000000000e-03
1.953125000000000000e-03
3.769531250000000000e-01
9.902343750000000000e-01
9.902343750000000000e-01
8.964843750000000000e-01
2.324218750000000000e-01
1.953125000000000000e-03
1.953125000000000000e-03
1.953125000000000000e-03
1.953125000000000000e-03
1.953125000000000000e-03
1.953125000000000000e-03
1.953125000000000000e-03
1.953125000000000000e-03
1.953125000000000000e-03
1.953125000000000000e-03
1.953125000000000000e-03
1.953125000000000000e-03
1.953125000000000000e-03
1.953125000000000000e-03
1.953125000000000000e-03
1.953125000000000000e-03
1.953125000000000000e-03
1.953125000000000000e-03
1.953125000000000000e-03
1.953125000000000000e-03
1.953125000000000000e-03
1.953125000000000000e-03
1.953125000000000000e-03
4.511718750000000000e-01
9.824218750000000000e-01
9.199218750000000000e-01
2.597656250000000000e-01
1.953125000000000000e-03
1.953125000000000000e-03
1.953125000000000000e-03
1.953125000000000000e-03
1.953125000000000000e-03
1.953125000000000000e-03
1.953125000000000000e-03
1.953125000000000000e-03
1.953125000000000000e-03
1.953125000000000000e-03
1.953125000000000000e-03
1.953125000000000000e-03
1.953125000000000000e-03
1.953125000000000000e-03
1.953125000000000000e-03
1.953125000000000000e-03
1.953125000000000000e-03
1.953125000000000000e-03
1.953125000000000000e-03
1.953125000000000000e-03
1.953125000000000000e-03
1.953125000000000000e-03
1.953125000000000000e-03
1.953125000000000000e-03
9.902343750000000000e-01
9.199218750000000000e-01
2.480468750000000000e-01
1.953125000000000000e-03
1.953125000000000000e-03
1.953125000000000000e-03
1.953125000000000000e-03
1.953125000000000000e-03
1.953125000000000000e-03
1.953125000000000000e-03
1.953125000000000000e-03
1.953125000000000000e-03
1.953125000000000000e-03
1.953125000000000000e-03
1.953125000000000000e-03
1.953125000000000000e-03
1.953125000000000000e-03
1.953125000000000000e-03
1.953125000000000000e-03
1.953125000000000000e-03
1.953125000000000000e-03
1.953125000000000000e-03
1.953125000000000000e-03
1.953125000000000000e-03
1.953125000000000000e-03
1.953125000000000000e-03
1.953125000000000000e-03
1.953125000000000000e-03
1.230468750000000000e-01
1.074218750000000000e-01
1.953125000000000000e-03
1.953125000000000000e-03
1.953125000000000000e-03
1.953125000000000000e-03
1.953125000000000000e-03
1.953125000000000000e-03
1.953125000000000000e-03
1.953125000000000000e-03
1.953125000000000000e-03
1.953125000000000000e-03
1.953125000000000000e-03
1.953125000000000000e-03
1.953125000000000000e-03
1.953125000000000000e-03
1.953125000000000000e-03
1.953125000000000000e-03
1.953125000000000000e-03
1.953125000000000000e-03
1.953125000000000000e-03
1.953125000000000000e-03
1.953125000000000000e-03
1.953125000000000000e-03
1.953125000000000000e-03
1.953125000000000000e-03
1.953125000000000000e-03
1.953125000000000000e-03
1.953125000000000000e-03
1.953125000000000000e-03
1.953125000000000000e-03
1.953125000000000000e-03
1.953125000000000000e-03
1.953125000000000000e-03
1.953125000000000000e-03
1.953125000000000000e-03
1.953125000000000000e-03
1.953125000000000000e-03
1.953125000000000000e-03
1.953125000000000000e-03
1.953125000000000000e-03
1.953125000000000000e-03
1.953125000000000000e-03
1.953125000000000000e-03
1.953125000000000000e-03
1.953125000000000000e-03
1.953125000000000000e-03
1.953125000000000000e-03
1.953125000000000000e-03
1.953125000000000000e-03
1.953125000000000000e-03
1.953125000000000000e-03
1.953125000000000000e-03
1.953125000000000000e-03
1.953125000000000000e-03
1.953125000000000000e-03
1.953125000000000000e-03
1.953125000000000000e-03
1.953125000000000000e-03
1.953125000000000000e-03
1.953125000000000000e-03
1.953125000000000000e-03
1.953125000000000000e-03
1.953125000000000000e-03
1.953125000000000000e-03
1.953125000000000000e-03
1.953125000000000000e-03
1.953125000000000000e-03
1.953125000000000000e-03
1.953125000000000000e-03
1.953125000000000000e-03
1.953125000000000000e-03
1.953125000000000000e-03
1.953125000000000000e-03
1.953125000000000000e-03
1.953125000000000000e-03
1.953125000000000000e-03
1.953125000000000000e-03
1.953125000000000000e-03
1.953125000000000000e-03
1.953125000000000000e-03
1.953125000000000000e-03
1.953125000000000000e-03
1.953125000000000000e-03
1.953125000000000000e-03
1.953125000000000000e-03
1.953125000000000000e-03
1.953125000000000000e-03
1.953125000000000000e-03
1.953125000000000000e-03
1.953125000000000000e-03
1.953125000000000000e-03
1.953125000000000000e-03
1.953125000000000000e-03
1.953125000000000000e-03
1.953125000000000000e-03
1.953125000000000000e-03
1.953125000000000000e-03
1.953125000000000000e-03
1.953125000000000000e-03
1.953125000000000000e-03
1.953125000000000000e-03
1.953125000000000000e-03
1.953125000000000000e-03
1.953125000000000000e-03
1.953125000000000000e-03
1.953125000000000000e-03
