1.953125000000000000e-03
1.953125000000000000e-03
1.953125000000000000e-03
1.953125000000000000e-03
1.953125000000000000e-03
1.953125000000000000e-03
1.953125000000000000e-03
1.953125000000000000e-03
1.953125000000000000e-03
1.953125000000000000e-03
1.953125000000000000e-03
1.953125000000000000e-03
1.953125000000000000e-03
1.953125000000000000e-03
1.953125000000000000e-03
1.953125000000000000e-03
1.953125000000000000e-03
1.953125000000000000e-03
1.953125000000000000e-03
1.953125000000000000e-03
1.953125000000000000e-03
1.953125000000000000e-03
1.953125000000000000e-03
1.953125000000000000e-03
1.953125000000000000e-03
1.953125000000000000e-03
1.953125000000000000e-03
1.953125000000000000e-03
1.953125000000000000e-03
1.953125000000000000e-03
1.953125000000000000e-03
1.953125000000000000e-03
1.953125000000000000e-03
1.953125000000000000e-03
1.953125000000000000e-03
1.953125000000000000e-03
1.953125000000000000e-03
1.953125000000000000e-03
1.953125000000000000e-03
1.953125000000000000e-03
1.953125000000000000e-03
1.953125000000000000e-03
1.953125000000000000e-03
1.953125000000000000e-03
1.953125000000000000e-03
1.953125000000000000e-03
1.953125000000000000e-03
1.953125000000000000e-03
1.953125000000000000e-03
1.953125000000000000e-03
1.953125000000000000e-03
1.953125000000000000e-03
1.953125000000000000e-03
1.953125000000000000e-03
1.953125000000000000e-03
1.953125000000000000e-03
1.953125000000000000e-03
1.953125000000000000e-03
1.953125000000000000e-03
1.953125000000000000e-03
1.953125000000000000e-03
1.953125000000000000e-03
1.953125000000000000e-03
1.953125000000000000e-03
1.953125000000000000e-03
1.953125000000000000e-03
1.953125000000000000e-03
1.953125000000000000e-03
1.953125000000000000e-03
1.953125000000000000e-03
1.953125000000000000e-03
1.953125000000000000e-03
1.953125000000000000e-03
1.953125000000000000e-03
1.953125000000000000e-03
1.953125000000000000e-03
1.953125000000000000e-03
1.953125000000000000e-03
1.953125000000000000e-03
1.953125000000000000e-03
1.953125000000000000e-03
1.953125000000000000e-03
1.953125000000000000e-03
1.953125000000000000e-03
1.953125000000000000e-03
1.953125000000000000e-03
1.953125000000000000e-03
1.953125000000000000e-03
1.953125000000000000e-03
1.953125000000000000e-03
1.953125000000000000e-03
1.953125000000000000e-03
1.953125000000000000e-03
1.953125000000000000e-03
1.953125000000000000e-03
1.953125000000000000e-03
1.953125000000000000e-03
1.953125000000000000e-03
1.953125000000000000e-03
1.953125000000000000e-03
1.953125000000000000e-03
1.953125000000000000e-03
1.953125000000000000e-03
1.953125000000000000e-03
1.953125000000000000e-03
1.953125000000000000e-03
1.953125000000000000e-03
1.953125000000000000e-03
1.953125000000000000e-03
1.953125000000000000e-03
1.953125000000000000e-03
1.953125000000000000e-03
1.953125000000000000e-03
1.953125000000000000e-03
1.953125000000000000e-03
1.953125000000000000e-03
1.953125000000000000e-03
1.953125000000000000e-03
1.953125000000000000e-03
1.953125000000000000e-03
1.953125000000000000e-03
1.953125000000000000e-03
1.953125000000000000e-03
1.953125000000000000e-03
1.953125000000000000e-03
1.953125000000000000e-03
1.953125000000000000e-03
1.953125000000000000e-03
1.953125000000000000e-03
1.953125000000000000e-03
1.953125000000000000e-03
1.953125000000000000e-03
1.953125000000000000e-03
1.953125000000000000e-03
1.953125000000000000e-03
1.953125000000000000e-03
1.953125000000000000e-03
1.953125000000000000e-03
1.953125000000000000e-03
1.953125000000000000e-03
1.953125000000000000e-03
1.953125000000000000e-03
1.953125000000000000e-03
1.953125000000000000e-03
1.953125000000000000e-03
1.953125000000000000e-03
1.953125000000000000e-03
1.953125000000000000e-03
1.953125000000000000e-03
1.953125000000000000e-03
1.953125000000000000e-03
1.953125000000000000e-03
1.953125000000000000e-03
1.367187500000000000e-02
5.019531250000000000e-01
9.980468750000000000e-01
1.621093750000000000e-01
1.953125000000000000e-03
1.953125000000000000e-03
1.953125000000000000e-03
1.953125000000000000e-03
1.953125000000000000e-03
1.953125000000000000e-03
1.953125000000000000e-03
1.953125000000000000e-03
1.953125000000000000e-03
1.953125000000000000e-03
1.953125000000000000e-03
1.953125000000000000e-03
1.953125000000000000e-03
1.953125000000000000e-03
1.953125000000000000e-03
1.953125000000000000e-03
1.953125000000000000e-03
1.953125000000000000e-03
1.953125000000000000e-03
1.953125000000000000e-03
1.953125000000000000e-03
1.953125000000000000e-03
1.953125000000000000e-03
1.953125000000000000e-03
1.660156250000000000e-01
9.902343750000000000e-01
9.902343750000000000e-01
2.246093750000000000e-01
1.953125000000000000e-03
1.953125000000000000e-03
1.953125000000000000e-03
1.953125000000000000e-03
1.953125000000000000e-03
1.953125000000000000e-03
1.953125000000000000e-03
1.953125000000000000e-03
1.953125000000000000e-03
1.953125000000000000e-03
1.953125000000000000e-03
1.953125000000000000e-03
1.953125000000000000e-03
1.953125000000000000e-03
1.953125000000000000e-03
1.953125000000000000e-03
1.953125000000000000e-03
1.953125000000000000e-03
1.953125000000000000e-03
1.953125000000000000e-03
1.953125000000000000e-03
1.953125000000000000e-03
1.953125000000000000e-03
1.953125000000000000e-03
1.660156250000000000e-01
9.902343750000000000e-01
9.902343750000000000e-01
6.191406250000000000e-01
1.953125000000000000e-03
1.953125000000000000e-03
1.953125000000000000e-03
1.953125000000000000e-03
1.953125000000000000e-03
1.953125000000000000e-03
1.953125000000000000e-03
1.953125000000000000e-03
1.953125000000000000e-03
1.953125000000000000e-03
1.953125000000000000e-03
1.953125000000000000e-03
1.953125000000000000e-03
1.953125000000000000e-03
1.953125000000000000e-03
1.953125000000000000e-03
1.953125000000000000e-03
1.953125000000000000e-03
1.953125000000000000e-03
1.953125000000000000e-03
1.953125000000000000e-03
1.953125000000000000e-03
1.953125000000000000e-03
1.953125000000000000e-03
1.660156250000000000e-01
9.902343750000000000e-01
9.902343750000000000e-01
6.191406250000000000e-01
1.953125000000000000e-03
1.953125000000000000e-03
1.953125000000000000e-03
1.953125000000000000e-03
1.953125000000000000e-03
1.953125000000000000e-03
1.953125000000000000e-03
1.953125000000000000e-03
1.953125000000000000e-03
1.953125000000000000e-03
1.953125000000000000e-03
1.953125000000000000e-03
1.953125000000000000e-03
1.953125000000000000e-03
1.953125000000000000e-03
1.953125000000000000e-03
1.953125000000000000e-03
1.953125000000000000e-03
1.953125000000000000e-03
1.953125000000000000e-03
1.953125000000000000e-03
1.953125000000000000e-03
1.953125000000000000e-03
1.953125000000000000e-03
1.660156250000000000e-01
9.902343750000000000e-01
9.902343750000000000e-01
6.191406250000000000e-01
1.953125000000000000e-03
1.953125000000000000e-03
1.953125000000000000e-03
1.953125000000000000e-03
1.953125000000000000e-03
1.953125000000000000e-03
1.953125000000000000e-03
1.953125000000000000e-03
1.953125000000000000e-03
1.953125000000000000e-03
1.953125000000000000e-03
1.953125000000000000e-03
1.953125000000000000e-03
1.953125000000000000e-03
1.953125000000000000e-03
1.953125000000000000e-03
1.953125000000000000e-03
1.953125000000000000e-03
1.953125000000000000e-03
1.953125000000000000e-03
1.953125000000000000e-03
1.953125000000000000e-03
1.953125000000000000e-03
1.953125000000000000e-03
1.660156250000000000e-01
9.902343750000000000e-01
9.902343750000000000e-01
4.316406250000000000e-01
1.953125000000000000e-03
1.953125000000000000e-03
1.953125000000000000e-03
1.953125000000000000e-03
1.953125000000000000e-03
1.953125000000000000e-03
1.953125000000000000e-03
1.953125000000000000e-03
1.953125000000000000e-03
1.953125000000000000e-03
1.953125000000000000e-03
1.953125000000000000e-03
1.953125000000000000e-03
1.953125000000000000e-03
1.953125000000000000e-03
1.953125000000000000e-03
1.953125000000000000e-03
1.953125000000000000e-03
1.953125000000000000e-03
1.953125000000000000e-03
1.953125000000000000e-03
1.953125000000000000e-03
1.953125000000000000e-03
1.953125000000000000e-03
1.660156250000000000e-01
9.902343750000000000e-01
9.902343750000000000e-01
1.621093750000000000e-01
1.953125000000000000e-03
1.953125000000000000e-03
1.953125000000000000e-03
1.953125000000000000e-03
1.953125000000000000e-03
1.953125000000000000e-03
1.953125000000000000e-03
1.953125000000000000e-03
1.953125000000000000e-03
1.953125000000000000e-03
1.953125000000000000e-03
1.953125000000000000e-03
1.953125000000000000e-03
1.953125000000000000e-03
1.953125000000000000e-03
1.953125000000000000e-03
1.953125000000000000e-03
1.953125000000000000e-03
1.953125000000000000e-03
1.953125000000000000e-03
1.953125000000000000e-03
1.953125000000000000e-03
1.953125000000000000e-03
1.953125000000000000e-03
1.660156250000000000e-01
9.902343750000000000e-01
9.902343750000000000e-01
4.199218750000000000e-01
1.953125000000000000e-03
1.953125000000000000e-03
1.953125000000000000e-03
1.953125000000000000e-03
1.953125000000000000e-03
1.953125000000000000e-03
1.953125000000000000e-03
1.953125000000000000e-03
1.953125000000000000e-03
1.953125000000000000e-03
1.953125000000000000e-03
1.953125000000000000e-03
1.953125000000000000e-03
1.953125000000000000e-03
1.953125000000000000e-03
1.953125000000000000e-03
1.953125000000000000e-03
1.953125000000000000e-03
1.953125000000000000e-03
1.953125000000000000e-03
1.953125000000000000e-03
1.953125000000000000e-03
1.953125000000000000e-03
1.953125000000000000e-03
1.660156250000000000e-01
9.902343750000000000e-01
9.902343750000000000e-01
5.449218750000000000e-01
1.953125000000000000e-03
1.953125000000000000e-03
1.953125000000000000e-03
1.953125000000000000e-03
1.953125000000000000e-03
1.953125000000000000e-03
1.953125000000000000e-03
1.953125000000000000e-03
1.953125000000000000e-03
1.953125000000000000e-03
1.953125000000000000e-03
1.953125000000000000e-03
1.953125000000000000e-03
1.953125000000000000e-03
1.953125000000000000e-03
1.953125000000000000e-03
1.953125000000000000e-03
1.953125000000000000e-03
1.953125000000000000e-03
1.953125000000000000e-03
1.953125000000000000e-03
1.953125000000000000e-03
1.953125000000000000e-03
1.953125000000000000e-03
1.660156250000000000e-01
9.902343750000000000e-01
9.902343750000000000e-01
1.621093750000000000e-01
1.953125000000000000e-03
1.953125000000000000e-03
1.953125000000000000e-03
1.953125000000000000e-03
1.953125000000000000e-03
1.953125000000000000e-03
1.953125000000000000e-03
1.953125000000000000e-03
1.953125000000000000e-03
1.953125000000000000e-03
1.953125000000000000e-03
1.953125000000000000e-03
1.953125000000000000e-03
1.953125000000000000e-03
1.953125000000000000e-03
1.953125000000000000e-03
1.953125000000000000e-03
1.953125000000000000e-03
1.953125000000000000e-03
1.953125000000000000e-03
1.953125000000000000e-03
1.953125000000000000e-03
1.953125000000000000e-03
1.953125000000000000e-03
1.660156250000000000e-01
9.902343750000000000e-01
9.902343750000000000e-01
1.621093750000000000e-01
1.953125000000000000e-03
1.953125000000000000e-03
1.953125000000000000e-03
1.953125000000000000e-03
1.953125000000000000e-03
1.953125000000000000e-03
1.953125000000000000e-03
1.953125000000000000e-03
1.953125000000000000e-03
1.953125000000000000e-03
1.953125000000000000e-03
1.953125000000000000e-03
1.953125000000000000e-03
1.953125000000000000e-03
1.953125000000000000e-03
1.953125000000000000e-03
1.953125000000000000e-03
1.953125000000000000e-03
1.953125000000000000e-03
1.953125000000000000e-03
1.953125000000000000e-03
1.953125000000000000e-03
1.953125000000000000e-03
1.953125000000000000e-03
1.660156250000000000e-01
9.902343750000000000e-01
8.769531250000000000e-01
1.035156250000000000e-01
1.953125000000000000e-03
1.953125000000000000e-03
1.953125000000000000e-03
1.953125000000000000e-03
1.953125000000000000e-03
1.953125000000000000e-03
1.953125000000000000e-03
1.953125000000000000e-03
1.953125000000000000e-03
1.953125000000000000e-03
1.953125000000000000e-03
1.953125000000000000e-03
1.953125000000000000e-03
1.953125000000000000e-03
1.953125000000000000e-03
1.953125000000000000e-03
1.953125000000000000e-03
1.953125000000000000e-03
1.953125000000000000e-03
1.953125000000000000e-03
1.953125000000000000e-03
1.953125000000000000e-03
1.953125000000000000e-03
1.953125000000000000e-03
1.660156250000000000e-01
9.902343750000000000e-01
9.628906250000000000e-01
1.464843750000000000e-01
1.953125000000000000e-03
1.953125000000000000e-03
1.953125000000000000e-03
1.953125000000000000e-03
1.953125000000000000e-03
1.953125000000000000e-03
1.953125000000000000e-03
1.953125000000000000e-03
1.953125000000000000e-03
1.953125000000000000e-03
1.953125000000000000e-03
1.953125000000000000e-03
1.953125000000000000e-03
1.953125000000000000e-03
1.953125000000000000e-03
1.953125000000000000e-03
1.953125000000000000e-03
1.953125000000000000e-03
1.953125000000000000e-03
1.953125000000000000e-03
1.953125000000000000e-03
1.953125000000000000e-03
1.953125000000000000e-03
1.953125000000000000e-03
1.660156250000000000e-01
9.902343750000000000e-01
6.972656250000000000e-01
5.859375000000000000e-03
1.953125000000000000e-03
1.953125000000000000e-03
1.953125000000000000e-03
1.953125000000000000e-03
1.953125000000000000e-03
1.953125000000000000e-03
1.953125000000000000e-03
1.953125000000000000e-03
1.953125000000000000e-03
1.953125000000000000e-03
1.953125000000000000e-03
1.953125000000000000e-03
1.953125000000000000e-03
1.953125000000000000e-03
1.953125000000000000e-03
1.953125000000000000e-03
1.953125000000000000e-03
1.953125000000000000e-03
1.953125000000000000e-03
1.953125000000000000e-03
1.953125000000000000e-03
1.953125000000000000e-03
1.953125000000000000e-03
1.953125000000000000e-03
2.207031250000000000e-01
9.902343750000000000e-01
6.894531250000000000e-01
1.953125000000000000e-03
1.953125000000000000e-03
1.953125000000000000e-03
1.953125000000000000e-03
1.953125000000000000e-03
1.953125000000000000e-03
1.953125000000000000e-03
1.953125000000000000e-03
1.953125000000000000e-03
1.953125000000000000e-03
1.953125000000000000e-03
1.953125000000000000e-03
1.953125000000000000e-03
1.953125000000000000e-03
1.953125000000000000e-03
1.953125000000000000e-03
1.953125000000000000e-03
1.953125000000000000e-03
1.953125000000000000e-03
1.953125000000000000e-03
1.953125000000000000e-03
1.953125000000000000e-03
1.953125000000000000e-03
1.953125000000000000e-03
1.953125000000000000e-03
6.269531250000000000e-01
9.902343750000000000e-01
6.035156250000000000e-01
1.953125000000000000e-03
1.953125000000000000e-03
1.953125000000000000e-03
1.953125000000000000e-03
1.953125000000000000e-03
1.953125000000000000e-03
1.953125000000000000e-03
1.953125000000000000e-03
1.953125000000000000e-03
1.953125000000000000e-03
1.953125000000000000e-03
1.953125000000000000e-03
1.953125000000000000e-03
1.953125000000000000e-03
1.953125000000000000e-03
1.953125000000000000e-03
1.953125000000000000e-03
1.953125000000000000e-03
1.953125000000000000e-03
1.953125000000000000e-03
1.953125000000000000e-03
1.953125000000000000e-03
1.953125000000000000e-03
1.953125000000000000e-03
1.953125000000000000e-03
6.269531250000000000e-01
9.902343750000000000e-01
2.324218750000000000e-01
1.953125000000000000e-03
1.953125000000000000e-03
1.953125000000000000e-03
1.953125000000000000e-03
1.953125000000000000e-03
1.953125000000000000e-03
1.953125000000000000e-03
1.953125000000000000e-03
1.953125000000000000e-03
1.953125000000000000e-03
1.953125000000000000e-03
1.953125000000000000e-03
1.953125000000000000e-03
1.953125000000000000e-03
1.953125000000000000e-03
1.953125000000000000e-03
1.953125000000000000e-03
1.953125000000000000e-03
1.953125000000000000e-03
1.953125000000000000e-03
1.953125000000000000e-03
1.953125000000000000e-03
1.953125000000000000e-03
1.953125000000000000e-03
1.953125000000000000e-03
6.269531250000000000e-01
9.902343750000000000e-01
2.324218750000000000e-01
1.953125000000000000e-03
1.953125000000000000e-03
1.953125000000000000e-03
1.953125000000000000e-03
1.953125000000000000e-03
1.953125000000000000e-03
1.953125000000000000e-03
1.953125000000000000e-03
1.953125000000000000e-03
1.953125000000000000e-03
1.953125000000000000e-03
1.953125000000000000e-03
1.953125000000000000e-03
1.953125000000000000e-03
1.953125000000000000e-03
1.953125000000000000e-03
1.953125000000000000e-03
1.953125000000000000e-03
1.953125000000000000e-03
1.953125000000000000e-03
1.953125000000000000e-03
1.953125000000000000e-03
1.953125000000000000e-03
1.953125000000000000e-03
1.953125000000000000e-03
6.269531250000000000e-01
9.902343750000000000e-01
2.324218750000000000e-01
1.953125000000000000e-03
1.953125000000000000e-03
1.953125000000000000e-03
1.953125000000000000e-03
1.953125000000000000e-03
1.953125000000000000e-03
1.953125000000000000e-03
1.953125000000000000e-03
1.953125000000000000e-03
1.953125000000000000e-03
1.953125000000000000e-03
1.953125000000000000e-03
1.953125000000000000e-03
1.953125000000000000e-03
1.953125000000000000e-03
1.953125000000000000e-03
1.953125000000000000e-03
1.953125000000000000e-03
1.953125000000000000e-03
1.953125000000000000e-03
1.953125000000000000e-03
1.953125000000000000e-03
1.953125000000000000e-03
1.953125000000000000e-03
1.953125000000000000e-03
4.121093750000000000e-01
9.902343750000000000e-01
2.324218750000000000e-01
1.953125000000000000e-03
1.953125000000000000e-03
1.953125000000000000e-03
1.953125000000000000e-03
1.953125000000000000e-03
1.953125000000000000e-03
1.953125000000000000e-03
1.953125000000000000e-03
1.953125000000000000e-03
1.953125000000000000e-03
1.953125000000000000e-03
1.953125000000000000e-03
1.953125000000000000e-03
1.953125000000000000e-03
1.953125000000000000e-03
1.953125000000000000e-03
1.953125000000000000e-03
1.953125000000000000e-03
1.953125000000000000e-03
1.953125000000000000e-03
1.953125000000000000e-03
1.953125000000000000e-03
1.953125000000000000e-03
1.953125000000000000e-03
1.953125000000000000e-03
1.953125000000000000e-03
1.953125000000000000e-03
1.953125000000000000e-03
1.953125000000000000e-03
1.953125000000000000e-03
1.953125000000000000e-03
1.953125000000000000e-03
1.953125000000000000e-03
1.953125000000000000e-03
1.953125000000000000e-03
1.953125000000000000e-03
1.953125000000000000e-03
1.953125000000000000e-03
1.953125000000000000e-03
1.953125000000000000e-03
1.953125000000000000e-03
1.953125000000000000e-03
1.953125000000000000e-03
1.953125000000000000e-03
1.953125000000000000e-03
1.953125000000000000e-03
1.953125000000000000e-03
1.953125000000000000e-03
1.953125000000000000e-03
1.953125000000000000e-03
1.953125000000000000e-03
1.953125000000000000e-03
1.953125000000000000e-03
1.953125000000000000e-03
1.953125000000000000e-03
1.953125000000000000e-03
1.953125000000000000e-03
1.953125000000000000e-03
1.953125000000000000e-03
1.953125000000000000e-03
1.953125000000000000e-03
1.953125000000000000e-03
1.953125000000000000e-03
1.953125000000000000e-03
1.953125000000000000e-03
1.953125000000000000e-03
1.953125000000000000e-03
1.953125000000000000e-03
1.953125000000000000e-03
1.953125000000000000e-03
1.953125000000000000e-03
1.953125000000000000e-03
1.953125000000000000e-03
1.953125000000000000e-03
1.953125000000000000e-03
1.953125000000000000e-03
1.953125000000000000e-03
1.953125000000000000e-03
1.953125000000000000e-03
1.953125000000000000e-03
1.953125000000000000e-03
1.953125000000000000e-03
1.953125000000000000e-03
1.953125000000000000e-03
1.953125000000000000e-03
1.953125000000000000e-03
1.953125000000000000e-03
1.953125000000000000e-03
1.953125000000000000e-03
1.953125000000000000e-03
1.953125000000000000e-03
1.953125000000000000e-03
1.953125000000000000e-03
1.953125000000000000e-03
1.953125000000000000e-03
1.953125000000000000e-03
