1.953125000000000000e-03
1.953125000000000000e-03
1.953125000000000000e-03
1.953125000000000000e-03
1.953125000000000000e-03
1.953125000000000000e-03
1.953125000000000000e-03
1.953125000000000000e-03
1.953125000000000000e-03
1.953125000000000000e-03
1.953125000000000000e-03
1.953125000000000000e-03
1.953125000000000000e-03
1.953125000000000000e-03
1.953125000000000000e-03
1.953125000000000000e-03
1.953125000000000000e-03
1.953125000000000000e-03
1.953125000000000000e-03
1.953125000000000000e-03
1.953125000000000000e-03
1.953125000000000000e-03
1.953125000000000000e-03
1.953125000000000000e-03
1.953125000000000000e-03
1.953125000000000000e-03
1.953125000000000000e-03
1.953125000000000000e-03
1.953125000000000000e-03
1.953125000000000000e-03
1.953125000000000000e-03
1.953125000000000000e-03
1.953125000000000000e-03
1.953125000000000000e-03
1.953125000000000000e-03
1.953125000000000000e-03
1.953125000000000000e-03
1.953125000000000000e-03
1.953125000000000000e-03
1.953125000000000000e-03
1.953125000000000000e-03
1.953125000000000000e-03
1.953125000000000000e-03
1.953125000000000000e-03
1.953125000000000000e-03
1.953125000000000000e-03
1.953125000000000000e-03
1.953125000000000000e-03
1.953125000000000000e-03
1.953125000000000000e-03
1.953125000000000000e-03
1.953125000000000000e-03
1.953125000000000000e-03
1.953125000000000000e-03
1.953125000000000000e-03
1.953125000000000000e-03
1.953125000000000000e-03
1.953125000000000000e-03
1.953125000000000000e-03
1.953125000000000000e-03
1.953125000000000000e-03
1.953125000000000000e-03
1.953125000000000000e-03
1.953125000000000000e-03
1.953125000000000000e-03
1.953125000000000000e-03
1.953125000000000000e-03
1.953125000000000000e-03
1.953125000000000000e-03
1.953125000000000000e-03
1.953125000000000000e-03
1.953125000000000000e-03
1.953125000000000000e-03
1.953125000000000000e-03
1.953125000000000000e-03
1.953125000000000000e-03
1.953125000000000000e-03
1.953125000000000000e-03
1.953125000000000000e-03
1.953125000000000000e-03
1.953125000000000000e-03
1.953125000000000000e-03
1.953125000000000000e-03
1.953125000000000000e-03
1.953125000000000000e-03
1.953125000000000000e-03
1.953125000000000000e-03
1.953125000000000000e-03
1.953125000000000000e-03
1.953125000000000000e-03
1.953125000000000000e-03
1.953125000000000000e-03
1.953125000000000000e-03
1.953125000000000000e-03
1.953125000000000000e-03
1.953125000000000000e-03
1.953125000000000000e-03
1.953125000000000000e-03
1.953125000000000000e-03
1.953125000000000000e-03
1.953125000000000000e-03
1.953125000000000000e-03
1.953125000000000000e-03
1.953125000000000000e-03
1.953125000000000000e-03
1.953125000000000000e-03
1.953125000000000000e-03
1.953125000000000000e-03
1.953125000000000000e-03
1.953125000000000000e-03
1.953125000000000000e-03
1.953125000000000000e-03
1.953125000000000000e-03
1.953125000000000000e-03
1.953125000000000000e-03
1.953125000000000000e-03
1.953125000000000000e-03
1.953125000000000000e-03
1.953125000000000000e-03
1.953125000000000000e-03
1.953125000000000000e-03
1.953125000000000000e-03
1.953125000000000000e-03
1.953125000000000000e-03
1.953125000000000000e-03
1.953125000000000000e-03
1.953125000000000000e-03
1.953125000000000000e-03
1.953125000000000000e-03
1.953125000000000000e-03
1.953125000000000000e-03
1.953125000000000000e-03
1.953125000000000000e-03
1.953125000000000000e-03
1.953125000000000000e-03
1.953125000000000000e-03
1.953125000000000000e-03
1.953125000000000000e-03
1.953125000000000000e-03
1.953125000000000000e-03
1.953125000000000000e-03
1.953125000000000000e-03
1.953125000000000000e-03
1.953125000000000000e-03
1.953125000000000000e-03
1.953125000000000000e-03
1.953125000000000000e-03
1.953125000000000000e-03
1.953125000000000000e-03
1.953125000000000000e-03
1.953125000000000000e-03
1.953125000000000000e-03
1.953125000000000000e-03
1.953125000000000000e-03
1.621093750000000000e-01
8.886718750000000000e-01
9.980468750000000000e-01
3.730468750000000000e-01
3.710937500000000000e-02
1.953125000000000000e-03
1.953125000000000000e-03
1.953125000000000000e-03
1.953125000000000000e-03
1.953125000000000000e-03
1.953125000000000000e-03
1.953125000000000000e-03
1.953125000000000000e-03
1.953125000000000000e-03
1.953125000000000000e-03
1.953125000000000000e-03
1.953125000000000000e-03
1.953125000000000000e-03
1.953125000000000000e-03
1.953125000000000000e-03
1.953125000000000000e-03
1.953125000000000000e-03
1.953125000000000000e-03
1.953125000000000000e-03
1.953125000000000000e-03
1.953125000000000000e-03
1.953125000000000000e-03
1.953125000000000000e-03
6.933593750000000000e-01
9.902343750000000000e-01
9.902343750000000000e-01
9.902343750000000000e-01
7.714843750000000000e-01
6.054687500000000000e-02
1.953125000000000000e-03
1.953125000000000000e-03
1.953125000000000000e-03
1.953125000000000000e-03
1.953125000000000000e-03
1.953125000000000000e-03
1.953125000000000000e-03
1.953125000000000000e-03
1.953125000000000000e-03
1.953125000000000000e-03
1.953125000000000000e-03
1.953125000000000000e-03
1.953125000000000000e-03
1.953125000000000000e-03
1.953125000000000000e-03
1.953125000000000000e-03
1.953125000000000000e-03
1.953125000000000000e-03
1.953125000000000000e-03
1.953125000000000000e-03
2.148437500000000000e-02
2.871093750000000000e-01
8.964843750000000000e-01
9.902343750000000000e-01
9.902343750000000000e-01
9.902343750000000000e-01
9.902343750000000000e-01
4.160156250000000000e-01
1.953125000000000000e-03
1.953125000000000000e-03
1.953125000000000000e-03
1.953125000000000000e-03
1.953125000000000000e-03
1.953125000000000000e-03
1.953125000000000000e-03
1.953125000000000000e-03
1.953125000000000000e-03
1.953125000000000000e-03
1.953125000000000000e-03
1.953125000000000000e-03
1.953125000000000000e-03
1.953125000000000000e-03
1.953125000000000000e-03
1.953125000000000000e-03
1.953125000000000000e-03
1.953125000000000000e-03
1.953125000000000000e-03
1.953125000000000000e-03
9.570312500000000000e-02
9.902343750000000000e-01
9.902343750000000000e-01
9.902343750000000000e-01
9.902343750000000000e-01
9.902343750000000000e-01
8.261718750000000000e-01
1.074218750000000000e-01
1.953125000000000000e-03
1.953125000000000000e-03
1.953125000000000000e-03
1.953125000000000000e-03
1.953125000000000000e-03
1.953125000000000000e-03
1.953125000000000000e-03
1.953125000000000000e-03
1.953125000000000000e-03
1.953125000000000000e-03
1.953125000000000000e-03
1.953125000000000000e-03
1.953125000000000000e-03
1.953125000000000000e-03
1.953125000000000000e-03
1.953125000000000000e-03
1.953125000000000000e-03
1.953125000000000000e-03
1.953125000000000000e-03
1.953125000000000000e-03
9.570312500000000000e-02
9.902343750000000000e-01
9.902343750000000000e-01
9.902343750000000000e-01
9.902343750000000000e-01
9.902343750000000000e-01
3.222656250000000000e-01
1.953125000000000000e-03
1.953125000000000000e-03
1.953125000000000000e-03
1.953125000000000000e-03
1.953125000000000000e-03
1.953125000000000000e-03
1.953125000000000000e-03
1.953125000000000000e-03
1.953125000000000000e-03
1.953125000000000000e-03
1.953125000000000000e-03
1.953125000000000000e-03
1.953125000000000000e-03
1.953125000000000000e-03
1.953125000000000000e-03
1.953125000000000000e-03
1.953125000000000000e-03
1.953125000000000000e-03
1.953125000000000000e-03
1.953125000000000000e-03
1.953125000000000000e-03
5.058593750000000000e-01
9.902343750000000000e-01
9.902343750000000000e-01
9.902343750000000000e-01
9.902343750000000000e-01
9.902343750000000000e-01
2.148437500000000000e-02
1.953125000000000000e-03
1.953125000000000000e-03
1.953125000000000000e-03
1.953125000000000000e-03
1.953125000000000000e-03
1.953125000000000000e-03
1.953125000000000000e-03
1.953125000000000000e-03
1.953125000000000000e-03
1.953125000000000000e-03
1.953125000000000000e-03
1.953125000000000000e-03
1.953125000000000000e-03
1.953125000000000000e-03
1.953125000000000000e-03
1.953125000000000000e-03
1.953125000000000000e-03
1.953125000000000000e-03
1.953125000000000000e-03
1.953125000000000000e-03
5.859375000000000000e-03
5.644531250000000000e-01
9.902343750000000000e-01
9.902343750000000000e-01
9.902343750000000000e-01
9.902343750000000000e-01
9.824218750000000000e-01
2.148437500000000000e-02
1.953125000000000000e-03
1.953125000000000000e-03
1.953125000000000000e-03
1.953125000000000000e-03
1.953125000000000000e-03
1.953125000000000000e-03
1.953125000000000000e-03
1.953125000000000000e-03
1.953125000000000000e-03
1.953125000000000000e-03
1.953125000000000000e-03
1.953125000000000000e-03
1.953125000000000000e-03
1.953125000000000000e-03
1.953125000000000000e-03
1.953125000000000000e-03
1.953125000000000000e-03
1.953125000000000000e-03
1.953125000000000000e-03
1.953125000000000000e-03
2.539062500000000000e-02
9.902343750000000000e-01
9.902343750000000000e-01
9.902343750000000000e-01
9.902343750000000000e-01
9.902343750000000000e-01
5.097656250000000000e-01
1.953125000000000000e-03
1.953125000000000000e-03
1.953125000000000000e-03
1.953125000000000000e-03
1.953125000000000000e-03
1.953125000000000000e-03
1.953125000000000000e-03
1.953125000000000000e-03
1.953125000000000000e-03
1.953125000000000000e-03
1.953125000000000000e-03
1.953125000000000000e-03
1.953125000000000000e-03
1.953125000000000000e-03
1.953125000000000000e-03
1.953125000000000000e-03
1.953125000000000000e-03
1.953125000000000000e-03
1.953125000000000000e-03
1.953125000000000000e-03
1.953125000000000000e-03
2.539062500000000000e-02
9.902343750000000000e-01
9.902343750000000000e-01
9.902343750000000000e-01
9.902343750000000000e-01
9.902343750000000000e-01
9.179687500000000000e-02
1.953125000000000000e-03
1.953125000000000000e-03
1.953125000000000000e-03
1.953125000000000000e-03
1.953125000000000000e-03
1.953125000000000000e-03
1.953125000000000000e-03
1.953125000000000000e-03
1.953125000000000000e-03
1.953125000000000000e-03
1.953125000000000000e-03
1.953125000000000000e-03
1.953125000000000000e-03
1.953125000000000000e-03
1.953125000000000000e-03
1.953125000000000000e-03
1.953125000000000000e-03
1.953125000000000000e-03
1.953125000000000000e-03
1.953125000000000000e-03
1.953125000000000000e-03
3.535156250000000000e-01
9.902343750000000000e-01
9.902343750000000000e-01
9.902343750000000000e-01
9.902343750000000000e-01
9.902343750000000000e-01
9.179687500000000000e-02
1.953125000000000000e-03
1.953125000000000000e-03
1.953125000000000000e-03
1.953125000000000000e-03
1.953125000000000000e-03
1.953125000000000000e-03
1.953125000000000000e-03
1.953125000000000000e-03
1.953125000000000000e-03
1.953125000000000000e-03
1.953125000000000000e-03
1.953125000000000000e-03
1.953125000000000000e-03
1.953125000000000000e-03
1.953125000000000000e-03
1.953125000000000000e-03
1.953125000000000000e-03
1.953125000000000000e-03
1.953125000000000000e-03
1.953125000000000000e-03
1.953125000000000000e-03
4.902343750000000000e-01
9.902343750000000000e-01
9.902343750000000000e-01
9.902343750000000000e-01
9.902343750000000000e-01
7.050781250000000000e-01
2.539062500000000000e-02
1.953125000000000000e-03
1.953125000000000000e-03
1.953125000000000000e-03
1.953125000000000000e-03
1.953125000000000000e-03
1.953125000000000000e-03
1.953125000000000000e-03
1.953125000000000000e-03
1.953125000000000000e-03
1.953125000000000000e-03
1.953125000000000000e-03
1.953125000000000000e-03
1.953125000000000000e-03
1.953125000000000000e-03
1.953125000000000000e-03
1.953125000000000000e-03
1.953125000000000000e-03
1.953125000000000000e-03
1.953125000000000000e-03
1.953125000000000000e-03
1.953125000000000000e-03
4.902343750000000000e-01
9.902343750000000000e-01
9.902343750000000000e-01
9.902343750000000000e-01
8.769531250000000000e-01
1.777343750000000000e-01
1.953125000000000000e-03
1.953125000000000000e-03
1.953125000000000000e-03
1.953125000000000000e-03
1.953125000000000000e-03
1.953125000000000000e-03
1.953125000000000000e-03
1.953125000000000000e-03
1.953125000000000000e-03
1.953125000000000000e-03
1.953125000000000000e-03
1.953125000000000000e-03
1.953125000000000000e-03
1.953125000000000000e-03
1.953125000000000000e-03
1.953125000000000000e-03
1.953125000000000000e-03
1.953125000000000000e-03
1.953125000000000000e-03
1.953125000000000000e-03
1.953125000000000000e-03
1.953125000000000000e-03
9.082031250000000000e-01
9.902343750000000000e-01
9.902343750000000000e-01
9.902343750000000000e-01
6.894531250000000000e-01
1.953125000000000000e-03
1.953125000000000000e-03
1.953125000000000000e-03
1.953125000000000000e-03
1.953125000000000000e-03
1.953125000000000000e-03
1.953125000000000000e-03
1.953125000000000000e-03
1.953125000000000000e-03
1.953125000000000000e-03
1.953125000000000000e-03
1.953125000000000000e-03
1.953125000000000000e-03
1.953125000000000000e-03
1.953125000000000000e-03
1.953125000000000000e-03
1.953125000000000000e-03
1.953125000000000000e-03
1.953125000000000000e-03
1.953125000000000000e-03
1.953125000000000000e-03
1.953125000000000000e-03
1.953125000000000000e-03
9.511718750000000000e-01
9.902343750000000000e-01
9.902343750000000000e-01
9.902343750000000000e-01
4.550781250000000000e-01
1.953125000000000000e-03
1.953125000000000000e-03
1.953125000000000000e-03
1.953125000000000000e-03
1.953125000000000000e-03
1.953125000000000000e-03
1.953125000000000000e-03
1.953125000000000000e-03
1.953125000000000000e-03
1.953125000000000000e-03
1.953125000000000000e-03
1.953125000000000000e-03
1.953125000000000000e-03
1.953125000000000000e-03
1.953125000000000000e-03
1.953125000000000000e-03
1.953125000000000000e-03
1.953125000000000000e-03
1.953125000000000000e-03
1.953125000000000000e-03
1.953125000000000000e-03
1.953125000000000000e-03
2.480468750000000000e-01
9.746093750000000000e-01
9.902343750000000000e-01
9.902343750000000000e-01
9.902343750000000000e-01
2.324218750000000000e-01
1.953125000000000000e-03
1.953125000000000000e-03
1.953125000000000000e-03
1.953125000000000000e-03
1.953125000000000000e-03
1.953125000000000000e-03
1.953125000000000000e-03
1.953125000000000000e-03
1.953125000000000000e-03
1.953125000000000000e-03
1.953125000000000000e-03
1.953125000000000000e-03
1.953125000000000000e-03
1.953125000000000000e-03
1.953125000000000000e-03
1.953125000000000000e-03
1.953125000000000000e-03
1.953125000000000000e-03
1.953125000000000000e-03
1.953125000000000000e-03
1.953125000000000000e-03
1.953125000000000000e-03
4.199218750000000000e-01
9.902343750000000000e-01
9.902343750000000000e-01
9.902343750000000000e-01
8.417968750000000000e-01
8.398437500000000000e-02
1.953125000000000000e-03
1.953125000000000000e-03
1.953125000000000000e-03
1.953125000000000000e-03
1.953125000000000000e-03
1.953125000000000000e-03
1.953125000000000000e-03
1.953125000000000000e-03
1.953125000000000000e-03
1.953125000000000000e-03
1.953125000000000000e-03
1.953125000000000000e-03
1.953125000000000000e-03
1.953125000000000000e-03
1.953125000000000000e-03
1.953125000000000000e-03
1.953125000000000000e-03
1.953125000000000000e-03
1.953125000000000000e-03
1.953125000000000000e-03
1.953125000000000000e-03
1.953125000000000000e-03
7.519531250000000000e-01
9.902343750000000000e-01
9.902343750000000000e-01
9.902343750000000000e-01
4.277343750000000000e-01
1.953125000000000000e-03
1.953125000000000000e-03
1.953125000000000000e-03
1.953125000000000000e-03
1.953125000000000000e-03
1.953125000000000000e-03
1.953125000000000000e-03
1.953125000000000000e-03
1.953125000000000000e-03
1.953125000000000000e-03
1.953125000000000000e-03
1.953125000000000000e-03
1.953125000000000000e-03
1.953125000000000000e-03
1.953125000000000000e-03
1.953125000000000000e-03
1.953125000000000000e-03
1.953125000000000000e-03
1.953125000000000000e-03
1.953125000000000000e-03
1.953125000000000000e-03
1.953125000000000000e-03
1.953125000000000000e-03
8.808593750000000000e-01
9.902343750000000000e-01
9.902343750000000000e-01
9.902343750000000000e-01
2.988281250000000000e-01
1.953125000000000000e-03
1.953125000000000000e-03
1.953125000000000000e-03
1.953125000000000000e-03
1.953125000000000000e-03
1.953125000000000000e-03
1.953125000000000000e-03
1.953125000000000000e-03
1.953125000000000000e-03
1.953125000000000000e-03
1.953125000000000000e-03
1.953125000000000000e-03
1.953125000000000000e-03
1.953125000000000000e-03
1.953125000000000000e-03
1.953125000000000000e-03
1.953125000000000000e-03
1.953125000000000000e-03
1.953125000000000000e-03
1.953125000000000000e-03
1.953125000000000000e-03
1.953125000000000000e-03
1.953125000000000000e-03
8.808593750000000000e-01
9.902343750000000000e-01
9.902343750000000000e-01
9.902343750000000000e-01
5.136718750000000000e-01
1.953125000000000000e-03
1.953125000000000000e-03
1.953125000000000000e-03
1.953125000000000000e-03
1.953125000000000000e-03
1.953125000000000000e-03
1.953125000000000000e-03
1.953125000000000000e-03
1.953125000000000000e-03
1.953125000000000000e-03
1.953125000000000000e-03
1.953125000000000000e-03
1.953125000000000000e-03
1.953125000000000000e-03
1.953125000000000000e-03
1.953125000000000000e-03
1.953125000000000000e-03
1.953125000000000000e-03
1.953125000000000000e-03
1.953125000000000000e-03
1.953125000000000000e-03
1.953125000000000000e-03
1.953125000000000000e-03
2.558593750000000000e-01
9.707031250000000000e-01
9.902343750000000000e-01
9.160156250000000000e-01
5.917968750000000000e-01
1.953125000000000000e-03
1.953125000000000000e-03
1.953125000000000000e-03
1.953125000000000000e-03
1.953125000000000000e-03
1.953125000000000000e-03
1.953125000000000000e-03
1.953125000000000000e-03
1.953125000000000000e-03
1.953125000000000000e-03
1.953125000000000000e-03
1.953125000000000000e-03
1.953125000000000000e-03
1.953125000000000000e-03
1.953125000000000000e-03
1.953125000000000000e-03
1.953125000000000000e-03
1.953125000000000000e-03
1.953125000000000000e-03
1.953125000000000000e-03
1.953125000000000000e-03
1.953125000000000000e-03
1.953125000000000000e-03
1.953125000000000000e-03
1.953125000000000000e-03
1.953125000000000000e-03
1.953125000000000000e-03
1.953125000000000000e-03
1.953125000000000000e-03
1.953125000000000000e-03
1.953125000000000000e-03
1.953125000000000000e-03
1.953125000000000000e-03
1.953125000000000000e-03
1.953125000000000000e-03
1.953125000000000000e-03
1.953125000000000000e-03
1.953125000000000000e-03
1.953125000000000000e-03
1.953125000000000000e-03
1.953125000000000000e-03
1.953125000000000000e-03
1.953125000000000000e-03
1.953125000000000000e-03
1.953125000000000000e-03
1.953125000000000000e-03
1.953125000000000000e-03
1.953125000000000000e-03
1.953125000000000000e-03
1.953125000000000000e-03
1.953125000000000000e-03
1.953125000000000000e-03
1.953125000000000000e-03
1.953125000000000000e-03
1.953125000000000000e-03
1.953125000000000000e-03
1.953125000000000000e-03
1.953125000000000000e-03
1.953125000000000000e-03
1.953125000000000000e-03
1.953125000000000000e-03
1.953125000000000000e-03
1.953125000000000000e-03
1.953125000000000000e-03
1.953125000000000000e-03
1.953125000000000000e-03
1.953125000000000000e-03
1.953125000000000000e-03
1.953125000000000000e-03
1.953125000000000000e-03
1.953125000000000000e-03
1.953125000000000000e-03
1.953125000000000000e-03
1.953125000000000000e-03
1.953125000000000000e-03
1.953125000000000000e-03
1.953125000000000000e-03
1.953125000000000000e-03
1.953125000000000000e-03
1.953125000000000000e-03
1.953125000000000000e-03
1.953125000000000000e-03
1.953125000000000000e-03
1.953125000000000000e-03
1.953125000000000000e-03
1.953125000000000000e-03
1.953125000000000000e-03
1.953125000000000000e-03
1.953125000000000000e-03
1.953125000000000000e-03
1.953125000000000000e-03
1.953125000000000000e-03
1.953125000000000000e-03
1.953125000000000000e-03
1.953125000000000000e-03
1.953125000000000000e-03
1.953125000000000000e-03
