1.953125000000000000e-03
1.953125000000000000e-03
1.953125000000000000e-03
1.953125000000000000e-03
1.953125000000000000e-03
1.953125000000000000e-03
1.953125000000000000e-03
1.953125000000000000e-03
1.953125000000000000e-03
1.953125000000000000e-03
1.953125000000000000e-03
1.953125000000000000e-03
1.953125000000000000e-03
1.953125000000000000e-03
1.953125000000000000e-03
1.953125000000000000e-03
1.953125000000000000e-03
1.953125000000000000e-03
1.953125000000000000e-03
1.953125000000000000e-03
1.953125000000000000e-03
1.953125000000000000e-03
1.953125000000000000e-03
1.953125000000000000e-03
1.953125000000000000e-03
1.953125000000000000e-03
1.953125000000000000e-03
1.953125000000000000e-03
1.953125000000000000e-03
1.953125000000000000e-03
1.953125000000000000e-03
1.953125000000000000e-03
1.953125000000000000e-03
1.953125000000000000e-03
1.953125000000000000e-03
1.953125000000000000e-03
1.953125000000000000e-03
1.953125000000000000e-03
1.953125000000000000e-03
1.953125000000000000e-03
1.953125000000000000e-03
1.953125000000000000e-03
1.953125000000000000e-03
1.953125000000000000e-03
1.953125000000000000e-03
1.953125000000000000e-03
1.953125000000000000e-03
1.953125000000000000e-03
1.953125000000000000e-03
1.953125000000000000e-03
1.953125000000000000e-03
1.953125000000000000e-03
1.953125000000000000e-03
1.953125000000000000e-03
1.953125000000000000e-03
1.953125000000000000e-03
1.953125000000000000e-03
1.953125000000000000e-03
1.953125000000000000e-03
1.953125000000000000e-03
1.953125000000000000e-03
1.953125000000000000e-03
1.953125000000000000e-03
1.953125000000000000e-03
1.953125000000000000e-03
1.953125000000000000e-03
1.953125000000000000e-03
1.953125000000000000e-03
1.953125000000000000e-03
1.953125000000000000e-03
1.953125000000000000e-03
1.953125000000000000e-03
1.953125000000000000e-03
1.953125000000000000e-03
1.953125000000000000e-03
1.953125000000000000e-03
1.953125000000000000e-03
1.953125000000000000e-03
1.953125000000000000e-03
1.953125000000000000e-03
1.953125000000000000e-03
1.953125000000000000e-03
1.953125000000000000e-03
1.953125000000000000e-03
1.953125000000000000e-03
1.953125000000000000e-03
1.953125000000000000e-03
1.953125000000000000e-03
1.953125000000000000e-03
1.953125000000000000e-03
1.953125000000000000e-03
1.953125000000000000e-03
1.953125000000000000e-03
1.953125000000000000e-03
1.953125000000000000e-03
1.953125000000000000e-03
1.953125000000000000e-03
1.953125000000000000e-03
1.953125000000000000e-03
1.953125000000000000e-03
1.953125000000000000e-03
1.953125000000000000e-03
1.953125000000000000e-03
1.953125000000000000e-03
1.953125000000000000e-03
1.953125000000000000e-03
1.953125000000000000e-03
1.953125000000000000e-03
1.953125000000000000e-03
1.953125000000000000e-03
1.953125000000000000e-03
1.953125000000000000e-03
1.953125000000000000e-03
1.953125000000000000e-03
1.953125000000000000e-03
1.953125000000000000e-03
1.953125000000000000e-03
1.953125000000000000e-03
1.953125000000000000e-03
1.953125000000000000e-03
1.953125000000000000e-03
1.953125000000000000e-03
1.953125000000000000e-03
1.953125000000000000e-03
1.953125000000000000e-03
1.953125000000000000e-03
1.953125000000000000e-03
1.953125000000000000e-03
1.953125000000000000e-03
4.511718750000000000e-01
9.980468750000000000e-01
3.183593750000000000e-01
1.953125000000000000e-03
1.953125000000000000e-03
1.953125000000000000e-03
1.953125000000000000e-03
1.953125000000000000e-03
1.953125000000000000e-03
1.953125000000000000e-03
1.953125000000000000e-03
1.953125000000000000e-03
1.953125000000000000e-03
1.953125000000000000e-03
1.953125000000000000e-03
1.953125000000000000e-03
1.953125000000000000e-03
1.953125000000000000e-03
1.953125000000000000e-03
1.953125000000000000e-03
1.953125000000000000e-03
1.953125000000000000e-03
1.953125000000000000e-03
1.953125000000000000e-03
1.953125000000000000e-03
1.953125000000000000e-03
1.953125000000000000e-03
1.953125000000000000e-03
8.066406250000000000e-01
9.902343750000000000e-01
3.183593750000000000e-01
1.953125000000000000e-03
1.953125000000000000e-03
1.953125000000000000e-03
1.953125000000000000e-03
1.953125000000000000e-03
1.953125000000000000e-03
1.953125000000000000e-03
1.953125000000000000e-03
1.953125000000000000e-03
1.953125000000000000e-03
1.953125000000000000e-03
1.953125000000000000e-03
1.953125000000000000e-03
1.953125000000000000e-03
1.953125000000000000e-03
1.953125000000000000e-03
1.953125000000000000e-03
1.953125000000000000e-03
1.953125000000000000e-03
1.953125000000000000e-03
1.953125000000000000e-03
1.953125000000000000e-03
1.953125000000000000e-03
1.953125000000000000e-03
1.074218750000000000e-01
8.886718750000000000e-01
9.003906250000000000e-01
4.101562500000000000e-02
1.953125000000000000e-03
1.953125000000000000e-03
1.953125000000000000e-03
1.953125000000000000e-03
1.953125000000000000e-03
1.953125000000000000e-03
1.953125000000000000e-03
1.953125000000000000e-03
1.953125000000000000e-03
1.953125000000000000e-03
1.953125000000000000e-03
1.953125000000000000e-03
1.953125000000000000e-03
1.953125000000000000e-03
1.953125000000000000e-03
1.953125000000000000e-03
1.953125000000000000e-03
1.953125000000000000e-03
1.953125000000000000e-03
1.953125000000000000e-03
1.953125000000000000e-03
1.953125000000000000e-03
1.953125000000000000e-03
1.953125000000000000e-03
3.105468750000000000e-01
9.902343750000000000e-01
8.847656250000000000e-01
1.953125000000000000e-03
1.953125000000000000e-03
1.953125000000000000e-03
1.953125000000000000e-03
1.953125000000000000e-03
1.953125000000000000e-03
1.953125000000000000e-03
1.953125000000000000e-03
1.953125000000000000e-03
1.953125000000000000e-03
1.953125000000000000e-03
1.953125000000000000e-03
1.953125000000000000e-03
1.953125000000000000e-03
1.953125000000000000e-03
1.953125000000000000e-03
1.953125000000000000e-03
1.953125000000000000e-03
1.953125000000000000e-03
1.953125000000000000e-03
1.953125000000000000e-03
1.953125000000000000e-03
1.953125000000000000e-03
1.953125000000000000e-03
1.953125000000000000e-03
6.582031250000000000e-01
9.902343750000000000e-01
5.683593750000000000e-01
1.953125000000000000e-03
1.953125000000000000e-03
1.953125000000000000e-03
1.953125000000000000e-03
1.953125000000000000e-03
1.953125000000000000e-03
1.953125000000000000e-03
1.953125000000000000e-03
1.953125000000000000e-03
1.953125000000000000e-03
1.953125000000000000e-03
1.953125000000000000e-03
1.953125000000000000e-03
1.953125000000000000e-03
1.953125000000000000e-03
1.953125000000000000e-03
1.953125000000000000e-03
1.953125000000000000e-03
1.953125000000000000e-03
1.953125000000000000e-03
1.953125000000000000e-03
1.953125000000000000e-03
1.953125000000000000e-03
1.953125000000000000e-03
6.054687500000000000e-02
8.144531250000000000e-01
8.144531250000000000e-01
6.835937500000000000e-02
1.953125000000000000e-03
1.953125000000000000e-03
1.953125000000000000e-03
1.953125000000000000e-03
1.953125000000000000e-03
1.953125000000000000e-03
1.953125000000000000e-03
1.953125000000000000e-03
1.953125000000000000e-03
1.953125000000000000e-03
1.953125000000000000e-03
1.953125000000000000e-03
1.953125000000000000e-03
1.953125000000000000e-03
1.953125000000000000e-03
1.953125000000000000e-03
1.953125000000000000e-03
1.953125000000000000e-03
1.953125000000000000e-03
1.953125000000000000e-03
1.953125000000000000e-03
1.953125000000000000e-03
1.953125000000000000e-03
1.953125000000000000e-03
5.917968750000000000e-01
9.902343750000000000e-01
5.292968750000000000e-01
1.953125000000000000e-03
1.953125000000000000e-03
1.953125000000000000e-03
1.953125000000000000e-03
1.953125000000000000e-03
1.953125000000000000e-03
1.953125000000000000e-03
1.953125000000000000e-03
1.953125000000000000e-03
1.953125000000000000e-03
1.953125000000000000e-03
1.953125000000000000e-03
1.953125000000000000e-03
1.953125000000000000e-03
1.953125000000000000e-03
1.953125000000000000e-03
1.953125000000000000e-03
1.953125000000000000e-03
1.953125000000000000e-03
1.953125000000000000e-03
1.953125000000000000e-03
1.953125000000000000e-03
1.953125000000000000e-03
1.953125000000000000e-03
1.953125000000000000e-03
9.316406250000000000e-01
9.121093750000000000e-01
1.269531250000000000e-01
1.953125000000000000e-03
1.953125000000000000e-03
1.953125000000000000e-03
1.953125000000000000e-03
1.953125000000000000e-03
1.953125000000000000e-03
1.953125000000000000e-03
1.953125000000000000e-03
1.953125000000000000e-03
1.953125000000000000e-03
1.953125000000000000e-03
1.953125000000000000e-03
1.953125000000000000e-03
1.953125000000000000e-03
1.953125000000000000e-03
1.953125000000000000e-03
1.953125000000000000e-03
1.953125000000000000e-03
1.953125000000000000e-03
1.953125000000000000e-03
1.953125000000000000e-03
1.953125000000000000e-03
1.953125000000000000e-03
1.757812500000000000e-02
5.527343750000000000e-01
9.863281250000000000e-01
3.730468750000000000e-01
1.953125000000000000e-03
1.953125000000000000e-03
1.953125000000000000e-03
1.953125000000000000e-03
1.953125000000000000e-03
1.953125000000000000e-03
1.953125000000000000e-03
1.953125000000000000e-03
1.953125000000000000e-03
1.953125000000000000e-03
1.953125000000000000e-03
1.953125000000000000e-03
1.953125000000000000e-03
1.953125000000000000e-03
1.953125000000000000e-03
1.953125000000000000e-03
1.953125000000000000e-03
1.953125000000000000e-03
1.953125000000000000e-03
1.953125000000000000e-03
1.953125000000000000e-03
1.953125000000000000e-03
1.953125000000000000e-03
1.953125000000000000e-03
2.167968750000000000e-01
9.902343750000000000e-01
9.394531250000000000e-01
1.230468750000000000e-01
1.953125000000000000e-03
1.953125000000000000e-03
1.953125000000000000e-03
1.953125000000000000e-03
1.953125000000000000e-03
1.953125000000000000e-03
1.953125000000000000e-03
1.953125000000000000e-03
1.953125000000000000e-03
1.953125000000000000e-03
1.953125000000000000e-03
1.953125000000000000e-03
1.953125000000000000e-03
1.953125000000000000e-03
1.953125000000000000e-03
1.953125000000000000e-03
1.953125000000000000e-03
1.953125000000000000e-03
1.953125000000000000e-03
1.953125000000000000e-03
1.953125000000000000e-03
1.953125000000000000e-03
1.953125000000000000e-03
1.953125000000000000e-03
5.488281250000000000e-01
9.902343750000000000e-01
4.238281250000000000e-01
1.953125000000000000e-03
1.953125000000000000e-03
1.953125000000000000e-03
1.953125000000000000e-03
1.953125000000000000e-03
1.953125000000000000e-03
1.953125000000000000e-03
1.953125000000000000e-03
1.953125000000000000e-03
1.953125000000000000e-03
1.953125000000000000e-03
1.953125000000000000e-03
1.953125000000000000e-03
1.953125000000000000e-03
1.953125000000000000e-03
1.953125000000000000e-03
1.953125000000000000e-03
1.953125000000000000e-03
1.953125000000000000e-03
1.953125000000000000e-03
1.953125000000000000e-03
1.953125000000000000e-03
1.953125000000000000e-03
1.953125000000000000e-03
2.792968750000000000e-01
9.707031250000000000e-01
9.628906250000000000e-01
5.664062500000000000e-02
1.953125000000000000e-03
1.953125000000000000e-03
1.953125000000000000e-03
1.953125000000000000e-03
1.953125000000000000e-03
1.953125000000000000e-03
1.953125000000000000e-03
1.953125000000000000e-03
1.953125000000000000e-03
1.953125000000000000e-03
1.953125000000000000e-03
1.953125000000000000e-03
1.953125000000000000e-03
1.953125000000000000e-03
1.953125000000000000e-03
1.953125000000000000e-03
1.953125000000000000e-03
1.953125000000000000e-03
1.953125000000000000e-03
1.953125000000000000e-03
1.953125000000000000e-03
1.953125000000000000e-03
1.953125000000000000e-03
1.953125000000000000e-03
7.675781250000000000e-01
9.902343750000000000e-01
5.332031250000000000e-01
1.953125000000000000e-03
1.953125000000000000e-03
1.953125000000000000e-03
1.953125000000000000e-03
1.953125000000000000e-03
1.953125000000000000e-03
1.953125000000000000e-03
1.953125000000000000e-03
1.953125000000000000e-03
1.953125000000000000e-03
1.953125000000000000e-03
1.953125000000000000e-03
1.953125000000000000e-03
1.953125000000000000e-03
1.953125000000000000e-03
1.953125000000000000e-03
1.953125000000000000e-03
1.953125000000000000e-03
1.953125000000000000e-03
1.953125000000000000e-03
1.953125000000000000e-03
1.953125000000000000e-03
1.953125000000000000e-03
1.953125000000000000e-03
4.433593750000000000e-01
9.785156250000000000e-01
8.183593750000000000e-01
4.101562500000000000e-02
1.953125000000000000e-03
1.953125000000000000e-03
1.953125000000000000e-03
1.953125000000000000e-03
1.953125000000000000e-03
1.953125000000000000e-03
1.953125000000000000e-03
1.953125000000000000e-03
1.953125000000000000e-03
1.953125000000000000e-03
1.953125000000000000e-03
1.953125000000000000e-03
1.953125000000000000e-03
1.953125000000000000e-03
1.953125000000000000e-03
1.953125000000000000e-03
1.953125000000000000e-03
1.953125000000000000e-03
1.953125000000000000e-03
1.953125000000000000e-03
1.953125000000000000e-03
1.953125000000000000e-03
1.953125000000000000e-03
2.539062500000000000e-02
7.871093750000000000e-01
9.902343750000000000e-01
5.527343750000000000e-01
1.953125000000000000e-03
1.953125000000000000e-03
1.953125000000000000e-03
1.953125000000000000e-03
1.953125000000000000e-03
1.953125000000000000e-03
1.953125000000000000e-03
1.953125000000000000e-03
1.953125000000000000e-03
1.953125000000000000e-03
1.953125000000000000e-03
1.953125000000000000e-03
1.953125000000000000e-03
1.953125000000000000e-03
1.953125000000000000e-03
1.953125000000000000e-03
1.953125000000000000e-03
1.953125000000000000e-03
1.953125000000000000e-03
1.953125000000000000e-03
1.953125000000000000e-03
1.953125000000000000e-03
1.953125000000000000e-03
1.367187500000000000e-02
5.761718750000000000e-01
9.902343750000000000e-01
8.378906250000000000e-01
1.152343750000000000e-01
1.953125000000000000e-03
1.953125000000000000e-03
1.953125000000000000e-03
1.953125000000000000e-03
1.953125000000000000e-03
1.953125000000000000e-03
1.953125000000000000e-03
1.953125000000000000e-03
1.953125000000000000e-03
1.953125000000000000e-03
1.953125000000000000e-03
1.953125000000000000e-03
1.953125000000000000e-03
1.953125000000000000e-03
1.953125000000000000e-03
1.953125000000000000e-03
1.953125000000000000e-03
1.953125000000000000e-03
1.953125000000000000e-03
1.953125000000000000e-03
1.953125000000000000e-03
1.953125000000000000e-03
1.953125000000000000e-03
4.492187500000000000e-02
9.902343750000000000e-01
9.902343750000000000e-01
3.378906250000000000e-01
1.953125000000000000e-03
1.953125000000000000e-03
1.953125000000000000e-03
1.953125000000000000e-03
1.953125000000000000e-03
1.953125000000000000e-03
1.953125000000000000e-03
1.953125000000000000e-03
1.953125000000000000e-03
1.953125000000000000e-03
1.953125000000000000e-03
1.953125000000000000e-03
1.953125000000000000e-03
1.953125000000000000e-03
1.953125000000000000e-03
1.953125000000000000e-03
1.953125000000000000e-03
1.953125000000000000e-03
1.953125000000000000e-03
1.953125000000000000e-03
1.953125000000000000e-03
1.953125000000000000e-03
1.953125000000000000e-03
4.492187500000000000e-02
7.089843750000000000e-01
9.902343750000000000e-01
7.480468750000000000e-01
4.101562500000000000e-02
1.953125000000000000e-03
1.953125000000000000e-03
1.953125000000000000e-03
1.953125000000000000e-03
1.953125000000000000e-03
1.953125000000000000e-03
1.953125000000000000e-03
1.953125000000000000e-03
1.953125000000000000e-03
1.953125000000000000e-03
1.953125000000000000e-03
1.953125000000000000e-03
1.953125000000000000e-03
1.953125000000000000e-03
1.953125000000000000e-03
1.953125000000000000e-03
1.953125000000000000e-03
1.953125000000000000e-03
1.953125000000000000e-03
1.953125000000000000e-03
1.953125000000000000e-03
1.953125000000000000e-03
1.953125000000000000e-03
3.222656250000000000e-01
9.902343750000000000e-01
9.902343750000000000e-01
2.324218750000000000e-01
1.953125000000000000e-03
1.953125000000000000e-03
1.953125000000000000e-03
1.953125000000000000e-03
1.953125000000000000e-03
1.953125000000000000e-03
1.953125000000000000e-03
1.953125000000000000e-03
1.953125000000000000e-03
1.953125000000000000e-03
1.953125000000000000e-03
1.953125000000000000e-03
1.953125000000000000e-03
1.953125000000000000e-03
1.953125000000000000e-03
1.953125000000000000e-03
1.953125000000000000e-03
1.953125000000000000e-03
1.953125000000000000e-03
1.953125000000000000e-03
1.953125000000000000e-03
1.953125000000000000e-03
1.953125000000000000e-03
1.953125000000000000e-03
3.222656250000000000e-01
9.902343750000000000e-01
6.464843750000000000e-01
3.710937500000000000e-02
1.953125000000000000e-03
1.953125000000000000e-03
1.953125000000000000e-03
1.953125000000000000e-03
1.953125000000000000e-03
1.953125000000000000e-03
1.953125000000000000e-03
1.953125000000000000e-03
1.953125000000000000e-03
1.953125000000000000e-03
1.953125000000000000e-03
1.953125000000000000e-03
1.953125000000000000e-03
1.953125000000000000e-03
1.953125000000000000e-03
1.953125000000000000e-03
1.953125000000000000e-03
1.953125000000000000e-03
1.953125000000000000e-03
1.953125000000000000e-03
1.953125000000000000e-03
1.953125000000000000e-03
1.953125000000000000e-03
1.953125000000000000e-03
1.953125000000000000e-03
1.953125000000000000e-03
1.953125000000000000e-03
1.953125000000000000e-03
1.953125000000000000e-03
1.953125000000000000e-03
1.953125000000000000e-03
1.953125000000000000e-03
1.953125000000000000e-03
1.953125000000000000e-03
1.953125000000000000e-03
1.953125000000000000e-03
1.953125000000000000e-03
1.953125000000000000e-03
1.953125000000000000e-03
1.953125000000000000e-03
1.953125000000000000e-03
1.953125000000000000e-03
1.953125000000000000e-03
1.953125000000000000e-03
1.953125000000000000e-03
1.953125000000000000e-03
1.953125000000000000e-03
1.953125000000000000e-03
1.953125000000000000e-03
1.953125000000000000e-03
1.953125000000000000e-03
1.953125000000000000e-03
1.953125000000000000e-03
1.953125000000000000e-03
1.953125000000000000e-03
1.953125000000000000e-03
1.953125000000000000e-03
1.953125000000000000e-03
1.953125000000000000e-03
1.953125000000000000e-03
1.953125000000000000e-03
1.953125000000000000e-03
1.953125000000000000e-03
1.953125000000000000e-03
1.953125000000000000e-03
1.953125000000000000e-03
1.953125000000000000e-03
1.953125000000000000e-03
1.953125000000000000e-03
1.953125000000000000e-03
1.953125000000000000e-03
1.953125000000000000e-03
1.953125000000000000e-03
1.953125000000000000e-03
1.953125000000000000e-03
1.953125000000000000e-03
1.953125000000000000e-03
1.953125000000000000e-03
1.953125000000000000e-03
1.953125000000000000e-03
1.953125000000000000e-03
1.953125000000000000e-03
1.953125000000000000e-03
1.953125000000000000e-03
1.953125000000000000e-03
1.953125000000000000e-03
1.953125000000000000e-03
1.953125000000000000e-03
1.953125000000000000e-03
1.953125000000000000e-03
1.953125000000000000e-03
1.953125000000000000e-03
1.953125000000000000e-03
1.953125000000000000e-03
1.953125000000000000e-03
1.953125000000000000e-03
1.953125000000000000e-03
1.953125000000000000e-03
1.953125000000000000e-03
1.953125000000000000e-03
1.953125000000000000e-03
1.953125000000000000e-03
1.953125000000000000e-03
1.953125000000000000e-03
1.953125000000000000e-03
1.953125000000000000e-03
1.953125000000000000e-03
1.953125000000000000e-03
1.953125000000000000e-03
1.953125000000000000e-03
1.953125000000000000e-03
1.953125000000000000e-03
1.953125000000000000e-03
1.953125000000000000e-03
1.953125000000000000e-03
1.953125000000000000e-03
1.953125000000000000e-03
1.953125000000000000e-03
1.953125000000000000e-03
1.953125000000000000e-03
1.953125000000000000e-03
1.953125000000000000e-03
1.953125000000000000e-03
1.953125000000000000e-03
1.953125000000000000e-03
1.953125000000000000e-03
1.953125000000000000e-03
1.953125000000000000e-03
